500 163 187 146
600 187 220 196
700 218 271 220
800 275 327 258
900 268 405 301
1000 297 405 333
1100 366 458 463
1200 462 516 411
1300 389 500 429
1400 438 567 437
1500 454 598 489
1600 486 644 492
1700 537 722 568
1800 535 730 569
1900 595 808 599
2000 625 838 623
2100 652 846 716
2200 720 954 741
2300 789 999 738
2400 836 1191 1362
2500 1142 1291 963
2600 795 1091 890
2700 874 1205 902
2800 938 1154 964
2900 918 1251 1000
3000 1015 1316 977
3100 1031 1263 1373
3200 1034 1364 1031
3300 1073 1445 1119
3400 1094 1437 1193
3500 1679 1527 1172
3600 1177 1544 1259
3700 1255 1683 1335
3800 1251 1715 1310
3900 1279 1730 1322
4000 1268 1774 1367
4100 1314 1922 1402
4200 1443 1900 1446
4300 1501 1872 1644
4400 1465 1888 1621
4500 1667 2121 1603
4600 1645 1962 1541
4700 1543 2000 1649
4800 1570 2058 1593
4900 1571 2097 1679
5000 1617 2186 1704
5100 1678 2198 1623
5200 1694 2238 1752
5300 1760 2350 1850
5400 1793 2302 1874
5500 1864 2339 3579
5600 2738 4625 3930
5700 3307 3728 2042
5800 1868 2596 2856
5900 2390 2966 2198
6000 2011 2605 2077
6100 1996 2663 2063
6200 2181 2762 2169
6300 2657 3209 2188
6400 2183 2769 2307
6500 2989 3499 2678
6600 2319 3074 2824
6700 2433 3021 2378
6800 2321 3105 2267
6900 2269 3107 2447
7000 2416 3283 2572
7100 2485 3239 2443
7200 2430 3275 2541
7300 2372 3320 3277
7400 2556 4025 3416
7500 2505 3387 3048
7600 3148 3761 2641
7700 2607 3393 2636
7800 3072 3568 3215
7900 2703 3953 3060
8000 2879 3859 2757
8100 2706 3815 2954
8200 3198 4356 2893
8300 2741 3842 3092
8400 2964 4239 2869
8500 2834 3804 2898
8600 3051 4384 3189
8700 3039 4150 3114
8800 3487 4332 3002
8900 3096 4160 5646
9000 5048 4234 3418
9100 3190 4484 3250
9200 3090 5013 3540
9300 3415 4364 3299
9400 3178 4366 3400
9500 3239 4521 3391
9600 3419 4488 3490
9700 3314 4503 3808
9800 3682 4736 3470
9900 3339 4576 3505
10000 3549 5194 3654
10100 3962 5035 3779
10200 3729 4719 4045
10300 3955 4766 3631
10400 5212 4929 3723
10500 3820 5110 3783
10600 3777 4979 3853
10700 3650 5611 3921
10800 3922 5402 4575
10900 4134 5654 4031
11000 3717 5385 3917
11100 3682 5078 4624
11200 4259 5485 4053
11300 3913 6200 4116
11400 3880 5352 4052
11500 4055 5885 4077
11600 4047 5480 4623
11700 4426 6757 4212
11800 4152 5654 4252
11900 4451 5807 4267
12000 4318 5828 4258
12100 5491 5713 4252
12200 4564 6079 4467
12300 4270 5768 4333
12400 4448 5969 5339
12500 4341 6050 4521
12600 4856 6330 4437
12700 4313 6086 5018
12800 4371 6962 5229
12900 4432 6485 5161
13000 4844 6303 4596
13100 4572 6627 5491
13200 4667 6413 4674
13300 4999 6621 4867
13400 4620 6333 5247
13500 5215 6492 4955
13600 4594 6352 4870
13700 4647 6371 4777
13800 6625 7374 4865
13900 4644 6492 5683
14000 5040 6820 5146
14100 4903 8181 5142
14200 4932 6780 5326
14300 5536 6972 5084
14400 5070 7571 5610
14500 4981 6967 5276
14600 5943 7223 5140
14700 5077 7326 5493
14800 5131 7093 5327
14900 5803 7179 5403
15000 5380 7365 6250
15100 5368 7183 5706
15200 5627 7387 5518
15300 5725 8048 5668
15400 6483 8664 5879
15500 5221 7260 5727
15600 6332 8018 5747
15700 5455 7555 6748
15800 5733 7576 5794
15900 5782 8210 5961
16000 5578 7927 6118
16100 5602 7663 6227
16200 6003 7787 6113
16300 5670 8613 5917
16400 7035 9226 6175
16500 6359 8060 7192
16600 6272 8381 6598
16700 6743 8241 5987
16800 5798 8147 6649
16900 6014 8148 6650
17000 6003 8575 6705
17100 7566 8661 6061
17200 6343 9018 7052
17300 6288 8860 6399
17400 6433 9173 6793
17500 6604 8418 6686
17600 6814 8613 7653
17700 7423 8677 6288
17800 6616 8896 7368
17900 6355 9283 6777
18000 6429 9192 7238
18100 6386 8915 6633
18200 7159 8642 6440
18300 6276 8973 7278
18400 7796 9781 7046
18500 6594 10068 7302
18600 6797 9425 7685
18700 6955 9125 11224
18800 6790 9092 10616
18900 7534 9957 9507
19000 6647 8964 7145
19100 7049 9891 6915
19200 6786 11930 8602
19300 6713 10368 7481
19400 6734 9844 7586
19500 6956 10749 7893
19600 7479 10859 7166
19700 7285 9937 8826
19800 7531 13135 7731
19900 7789 10376 7449
20000 7112 9747 7123
20100 7036 9710 7337
20200 7052 9643 7337
20300 7327 11945 7832
20400 7188 9832 7676
20500 7154 10891 7168
20600 7661 10184 7359
20700 7287 10178 9214
20800 8000 11166 8199
20900 7541 10107 7329
21000 7441 10343 7599
21100 7387 10463 7668
21200 7391 13878 7618
21300 9020 11040 7592
21400 7549 10094 7839
21500 7484 10271 8730
21600 8315 12000 8124
21700 10173 12685 8677
21800 9637 11887 9090
21900 11400 10631 7802
22000 7743 10780 7963
22100 8031 10935 10236
22200 8352 10748 8460
22300 7871 11210 8059
22400 8179 11408 8082
22500 7960 11035 8103
22600 11045 13002 8106
22700 8698 11344 8583
22800 8139 11393 8552
22900 8145 11227 8182
23000 8190 12655 9274
23100 8290 11214 8526
23200 9094 11156 8393
23300 8476 11858 8549
23400 8305 11988 8968
23500 8531 12176 8503
23600 8166 11868 8550
23700 8632 11537 8930
23800 8495 11610 8720
23900 9939 11980 8659
24000 8616 12842 10558
24100 8974 11760 9059
24200 8706 11884 8838
24300 8936 16236 9206
24400 9341 12109 8797
24500 8542 11977 8856
24600 8775 12084 8880
24700 9027 14028 9410
24800 8561 11806 8944
24900 8733 12003 9365
25000 8937 12562 9640
25100 9479 16782 9473
25200 8845 12093 9283
25300 9312 12384 9229
25400 8921 13329 9393
25500 11597 13213 9511
25600 9288 13095 10297
25700 9085 12780 9206
25800 9591 13041 10656
25900 11832 14649 9881
26000 9020 14984 11099
26100 10369 13529 9896
26200 9815 15019 9882
26300 10600 12972 9688
26400 10106 12969 9712
26500 9479 13190 9614
26600 10416 14891 10594
26700 9807 13255 10073
26800 9630 13248 9864
26900 9908 13115 10536
27000 13347 13691 10220
27100 10093 13510 9915
27200 9807 13227 10351
27300 14246 14320 10321
27400 15019 17570 10603
27500 10446 14339 11024
27600 9772 14222 12503
27700 9851 14289 10494
27800 10028 14292 11195
27900 9995 16690 12787
28000 12618 13982 11260
28100 13344 16317 10320
28200 10018 13984 10288
28300 10006 15735 10357
28400 10031 13882 10413
28500 10585 14121 10306
28600 10503 14158 11162
28700 12661 15034 13475
28800 12688 14056 10586
28900 10488 14185 10598
29000 10304 16315 11015
29100 10452 14369 10679
29200 11035 14453 11515
29300 10867 15216 13716
29400 10906 14698 14267
29500 14261 14237 10816
29600 10805 14762 13210
29700 14408 16703 10903
29800 10532 15006 11138
29900 10712 14764 11895
30000 13196 15423 11406
30100 14539 14943 11008
30200 11190 14941 11465
30300 13056 17687 11245
30400 11225 16966 11144
30500 10647 15150 11270
30600 12888 18418 11032
30700 11090 15804 14011
30800 10924 15096 11347
30900 10957 17731 11519
31000 11560 15388 12001
31100 11604 15692 11606
31200 11581 25232 22934
31300 12037 17824 13066
31400 12576 18358 14413
31500 14730 16679 11787
31600 11218 15724 11851
31700 11221 16080 12578
31800 14085 15815 12228
31900 11925 15685 14324
32000 11395 15555 11649
32100 13587 15830 12312
32200 11564 16201 12353
32300 11462 16153 12214
32400 13788 16273 12052
32500 12346 15899 14346
32600 11363 16261 11962
32700 13650 17613 13135
32800 11792 17041 11928
32900 13234 17151 12992
33000 15445 16470 12308
33100 13048 16306 14292
33200 11910 16188 12633
33300 13762 16922 12853
33400 12142 16809 12225
33500 12260 16729 13042
33600 15216 17046 13721
33700 11933 17153 15000
33800 11847 17140 14213
33900 12065 17421 12659
34000 12308 17015 12457
34100 12483 17817 16225
34200 13007 17011 12801
34300 12784 20260 12591
34400 17077 18864 12856
34500 13178 17664 13140
34600 12416 17310 12825
34700 12770 18120 13638
34800 13029 17480 12987
34900 12733 19175 12733
35000 12661 17880 13594
35100 12632 18386 13393
35200 13760 17676 13390
35300 12904 18318 13102
35400 12602 20997 14511
35500 12756 17894 16185
35600 13075 18415 13265
35700 13118 18306 13275
35800 13194 19269 18904
35900 13151 18143 13250
36000 13183 21337 13251
36100 12960 18369 13855
36200 13972 18365 13457
36300 13336 18340 14148
36400 13232 18493 13641
36500 13305 18260 16484
36600 13343 18369 14416
36700 13128 18981 13862
36800 13806 18274 13903
36900 13892 18800 14401
37000 13421 19629 14247
37100 15303 18388 13602
37200 13654 19680 17539
37300 14214 18947 14048
37400 13866 20824 14902
37500 14080 19130 13682
37600 13826 21513 13898
37700 13955 19279 14243
37800 14989 18959 14441
37900 13795 19539 14236
38000 14301 19258 14109
38100 13689 19552 15942
38200 13768 21153 14367
38300 15509 19246 14215
38400 14026 19520 14571
38500 14322 19797 14076
38600 16291 20976 17137
38700 13993 19475 14740
38800 15062 19529 14419
38900 13929 20325 14911
39000 14306 21077 14693
39100 14310 20162 16593
39200 14885 19512 14469
39300 14939 20283 15190
39400 14242 20007 14880
39500 14439 20364 15001
39600 14255 19635 14578
39700 17182 19804 14549
39800 15267 20285 14953
39900 16656 22598 15410
40000 14664 20529 14934
40100 14459 20155 15011
40200 17243 20583 15118
40300 14577 21144 15079
40400 14689 20543 15272
40500 14605 20579 15234
40600 15506 20397 15116
40700 18283 20570 15377
40800 14478 20499 14906
40900 15197 20349 15081
41000 14745 21109 14521
41100 15220 20879 18358
41200 17791 21123 15446
41300 15030 21287 16508
41400 15034 20619 15274
41500 15167 20558 15207
41600 15133 21515 16381
41700 15031 21155 15157
41800 15138 20864 16527
41900 16125 21481 15506
42000 15543 20976 16610
42100 15272 23874 15597
42200 15922 21283 15979
42300 15752 21709 16600
42400 15476 25221 16118
42500 15421 21497 16146
42600 16853 21927 16608
42700 15229 21679 16573
42800 15815 21827 19098
42900 16896 21887 16203
43000 15802 21555 17225
43100 15500 22494 16278
43200 15982 22223 16552
43300 15725 23112 16404
43400 15687 21901 16283
43500 16045 24152 16289
43600 18430 24970 16397
43700 16084 22069 16254
43800 16625 22217 16536
43900 15898 22467 16448
44000 17914 22541 16575
44100 16217 23645 16669
44200 16324 22267 17165
44300 15830 22074 16581
44400 16412 23611 16862
44500 16671 22580 16738
44600 16650 23465 16852
44700 16260 22957 20593
44800 19269 22592 16743
44900 19445 23353 16847
45000 16850 23384 16598
45100 16288 23093 21124
45200 16530 23538 16687
45300 16366 26266 16910
45400 16796 23199 17471
45500 16496 22683 17212
45600 16728 23051 16948
45700 16490 24690 18412
45800 16559 23421 17776
45900 21509 25544 17173
46000 16868 23523 17462
46100 16972 23204 17556
46200 19687 23524 17640
46300 17513 23241 17248
46400 16960 23567 17213
46500 17072 23600 17594
46600 17577 25712 17601
46700 17291 25035 17543
46800 17260 23445 17703
46900 17106 23848 17705
47000 18838 28829 18001
47100 17589 24742 26840
47200 25852 24368 17791
47300 18119 24068 17769
47400 18013 26830 18225
47500 17530 24367 17742
47600 17568 24095 17916
47700 18110 24228 17838
47800 17598 24409 19918
47900 17753 24302 18114
48000 17801 25266 22980
48100 18136 24191 18020
48200 17767 24728 24081
48300 17504 24762 17886
48400 17693 24610 17767
48500 17938 24396 17983
48600 17803 25063 21058
48700 18150 25931 18575
48800 17772 24507 18309
48900 18154 24474 18126
49000 18441 25965 20982
49100 19422 27729 17959
49200 17751 24614 22360
49300 18263 25262 18477
49400 17745 25064 24152
49500 18634 25314 18418
49600 18109 25024 18366
49700 18860 24919 18955
49800 18031 25445 21768
49900 18586 25247 18439
50000 18259 25205 18625
50100 18554 29748 21144
50200 18623 25262 20467
50300 18417 25466 18679
50400 18321 25240 19177
50500 18340 25690 18851
50600 18866 26076 22162
50700 19583 26330 18979
50800 18635 25482 19435
50900 18556 26657 19089
51000 19265 26276 22085
51100 18836 27492 23321
51200 18910 27306 19214
51300 20942 27147 20729
51400 19000 28764 19153
51500 19255 25767 19347
51600 18806 26771 19493
51700 18794 26870 19744
51800 19269 29640 19594
51900 19734 26636 19347
52000 19060 26904 19479
52100 18882 31998 20768
52200 21138 26629 19595
52300 19273 26950 19564
52400 19420 27083 19774
52500 19950 27240 22480
52600 19158 26809 19616
52700 19433 26934 19679
52800 19842 27864 20351
52900 23516 29571 19629
53000 19304 27154 23208
53100 25427 27754 19904
53200 20005 27602 21205
53300 21495 26906 19996
53400 19761 27354 20351
53500 19478 27523 20897
53600 19785 28125 23181
53700 19946 27236 20264
53800 19635 27433 20575
53900 19593 27502 20125
54000 20079 31134 22200
54100 19606 27231 20688
54200 20244 28259 20647
54300 20801 28206 21226
54400 22963 28258 20355
54500 20241 27836 20582
54600 20705 27914 21113
54700 20158 30636 22468
54800 19943 28482 21009
54900 20897 27967 25422
55000 23598 28090 21718
55100 20252 30687 21214
55200 20332 28154 20922
55300 20534 28056 21880
55400 20708 29017 24065
55500 20349 29362 21295
55600 20501 27748 20606
55700 20136 29331 20890
55800 20561 30740 21278
55900 25151 28703 21240
56000 20796 28399 22491
56100 21167 29292 21576
56200 23055 28503 21592
56300 20861 28721 22432
56400 21480 29770 21314
56500 20759 31166 21645
56600 22360 31693 21466
56700 21004 29359 22108
56800 23282 28966 23742
56900 20877 30581 26600
57000 25976 35179 27476
57100 26850 31112 23268
57200 20964 31503 26044
57300 26772 35723 27674
57400 25194 35936 27644
57500 20807 36215 29826
57600 22825 34150 25232
57700 26784 36763 28018
57800 22772 32780 30894
57900 26191 32033 25701
58000 26300 36510 23972
58100 21592 34403 23249
58200 21752 30210 22794
58300 21610 29861 27682
58400 23105 32040 24010
58500 21287 31898 25548
58600 21910 31184 30557
58700 25973 30354 22623
58800 22325 31023 21944
58900 22379 30451 22290
59000 21624 31526 22521
59100 21833 30492 22507
59200 27283 32251 23025
59300 21918 30272 24400
59400 21960 30169 23248
59500 22571 31111 23438
59600 24855 31415 23192
59700 24584 33483 23052
59800 21869 31583 23487
59900 22450 31279 22677
60000 22168 33227 23175
60100 22368 30971 23798
60200 22824 31067 23369
60300 22138 32454 22715
60400 22921 30880 23333
60500 22891 31369 23113
60600 22389 30819 24764
60700 22288 31343 23345
60800 22856 32309 26758
60900 23301 32295 24120
61000 23998 30977 23532
61100 23148 32497 23935
61200 22216 31354 24026
61300 24212 31738 23141
61400 22775 32652 23706
61500 21911 30644 22917
61600 23481 32149 23341
61700 28567 31988 23815
61800 23721 31575 23702
61900 23176 33935 24176
62000 23100 32085 27649
62100 23560 32194 23653
62200 25046 31757 26019
62300 22805 33277 27662
62400 23613 32219 24360
62500 28064 31822 26743
62600 22645 33051 27713
62700 23238 31545 24231
62800 23446 34631 26061
62900 22972 32433 28256
63000 23297 32473 24887
63100 23041 34345 25151
63200 24691 31805 29800
63300 25273 33031 24074
63400 26029 32428 27087
63500 22867 33035 27856
63600 23524 36730 27585
63700 25436 31777 26467
63800 23689 36314 24801
63900 23816 33888 24132
64000 25708 33795 26724
64100 24305 37327 25234
64200 24612 32684 24988
64300 26072 33322 26954
64400 23326 37041 24907
64500 23778 34312 25407
64600 26268 34906 27137
64700 23525 37510 25556
64800 28006 35303 26438
64900 22995 33580 30290
65000 27989 35893 24499
65100 24517 33240 26493
65200 23711 35697 30060
65300 23658 39278 31269
65400 29207 41713 25447
65500 28988 44542 28050
65600 24468 37644 27994
65700 26876 33390 26649
65800 26160 38034 25643
65900 24862 33574 28800
66000 29945 43243 47170
66100 26364 37198 35082
66200 26661 44190 25009
66300 25077 37622 26158
66400 24194 34383 25659
66500 26916 37703 25669
66600 27106 37286 25601
66700 25250 34628 28385
66800 24955 35499 25063
66900 28331 36590 27676
67000 25118 35051 28085
67100 25416 34993 28786
67200 28163 34390 25882
67300 25177 37197 25713
67400 25518 34532 31577
67500 25549 34804 25576
67600 25902 36762 26930
67700 30340 37749 26636
67800 24898 34698 26261
67900 29018 36174 25879
68000 25751 37689 25979
68100 26813 34777 27862
68200 25240 35836 26923
68300 28296 37622 26056
68400 25927 39211 26189
68500 26355 35223 26816
68600 29208 35044 26762
68700 25716 37243 26768
68800 25155 36360 31919
68900 25103 35851 26136
69000 28715 37837 31241
69100 28790 45052 29222
69200 25640 36070 28360
69300 26688 39418 27828
69400 28947 38193 26785
69500 25836 38230 27128
69600 25625 36501 27974
69700 28167 36081 27206
69800 28038 37160 31758
69900 26706 39733 29237
70000 26067 36215 29383
70100 27441 35901 27571
70200 28885 39611 27201
70300 25966 38872 28174
70400 25969 36706 30214
70500 29211 36182 31170
70600 28536 37695 26908
70700 27792 39775 29299
70800 27957 36570 29369
70900 27125 37366 27732
71000 29022 36916 27099
71100 26721 39640 30945
71200 26854 42604 28583
71300 25692 37104 29264
71400 26886 37706 27118
71500 27228 39939 27390
71600 29258 39162 27687
71700 27845 37291 30271
71800 27145 38338 27510
71900 29522 41963 27590
72000 29854 37629 28028
72100 27155 40216 27777
72200 27419 38366 28464
72300 30096 38792 30102
72400 27783 38662 27950
72500 27373 37810 28676
72600 29207 41593 27600
72700 27008 38265 27896
72800 27275 37531 29077
72900 27645 37832 27911
73000 27706 38433 27441
73100 27095 38063 29676
73200 27318 37863 29760
73300 33940 38173 28364
73400 28621 40444 27631
73500 27024 39633 28394
73600 27183 38174 27874
73700 27870 41824 28083
73800 27488 38941 31936
73900 27790 38085 34482
74000 28150 38362 28185
74100 28384 38883 27993
74200 27565 41648 28676
74300 29032 42499 28282
74400 28250 39134 28449
74500 30601 38776 28843
74600 28771 43443 29899
74700 27864 39186 29870
74800 28135 38991 28413
74900 28292 39203 30467
75000 29591 42981 31074
75100 30148 43765 35579
75200 31552 48000 38818
75300 31426 49257 31467
75400 28819 39185 31523
75500 28961 39458 29421
75600 27964 39804 29427
75700 28782 41308 28761
75800 28711 40617 29270
75900 29029 44306 29126
76000 30442 39756 30143
76100 29166 40076 28896
76200 29522 42760 29076
76300 29009 42864 29783
76400 30689 39528 29295
76500 31217 39227 34710
76600 29342 41190 29321
76700 28395 42519 28979
76800 29199 39584 29753
76900 29230 39987 29253
77000 32168 39974 29705
77100 29716 41050 29460
77200 29204 43809 32007
77300 29707 40003 29865
77400 28833 40850 30281
77500 30173 40208 29864
77600 29207 40936 29724
77700 29016 40453 32440
77800 29216 40642 36211
77900 29064 40297 30139
78000 31913 41268 29794
78100 28858 41038 30228
78200 28972 40832 32693
78300 29193 40906 30521
78400 29006 40162 29863
78500 34158 41807 29892
78600 29002 40750 30641
78700 30257 41907 30935
78800 29343 42804 30420
78900 29052 41582 29970
79000 32680 40938 30709
79100 30296 44279 30800
79200 30179 44063 30705
79300 29916 40822 31105
79400 29495 41171 53553
79500 29214 42246 30859
79600 29974 41224 31309
79700 29668 48959 30871
79800 29179 42830 34399
79900 32642 41697 33876
80000 29913 42131 30662
80100 31330 41398 31507
80200 33106 44993 31078
80300 30658 41844 37841
80400 30575 43427 31018
80500 29775 42640 30632
80600 30791 42038 33691
80700 30373 41780 31889
80800 29990 41831 31469
80900 30523 44400 35729
81000 31245 42415 31235
81100 29563 42429 32617
81200 32872 41904 30472
81300 30423 41649 31145
81400 33382 42318 31553
81500 29910 42443 30743
81600 37404 43259 30378
81700 30619 41743 30848
81800 30323 42759 31712
81900 30969 43133 30201
82000 30286 42104 30414
82100 30120 44746 30625
82200 34942 44316 30704
82300 32628 42788 33481
82400 30588 43133 31043
82500 30405 43427 31086
82600 33633 43243 31385
82700 30956 42726 31844
82800 30764 51082 31715
82900 31162 43090 31394
83000 31251 45119 33754
83100 31465 43414 31575
83200 31556 43008 31998
83300 33123 42824 32604
83400 31116 47273 32094
83500 31162 47665 32037
83600 31171 43229 32535
83700 31640 43957 34644
83800 31328 43739 32028
83900 31179 43291 31948
84000 34079 48700 32601
84100 31289 43745 32146
84200 32238 45826 32764
84300 31656 44103 33421
84400 31579 43804 36161
84500 31239 44845 32418
84600 37431 46144 32945
84700 34478 44243 32509
84800 32247 44172 33471
84900 31310 46847 33486
85000 31585 44697 33204
85100 32013 46630 33494
85200 36297 44026 33287
85300 32160 44094 36539
85400 31821 44665 33383
85500 32313 44586 32826
85600 34765 50802 33431
85700 32629 44236 38804
85800 36509 45139 34523
85900 32256 44525 33530
86000 32440 47549 33371
86100 33118 44754 33049
86200 32409 45676 36390
86300 32619 48719 35110
86400 32345 45023 34181
86500 35884 44991 34379
86600 35049 45191 33367
86700 32858 47497 33460
86800 32832 45230 34441
86900 33143 50531 33772
87000 32698 45413 34969
87100 33467 45565 36110
87200 32939 45223 33907
87300 32484 45120 33616
87400 36662 45790 33333
87500 36327 45200 35836
87600 39508 50022 34338
87700 32742 46089 33654
87800 33317 47142 34468
87900 32493 46167 34598
88000 36603 52025 34291
88100 33425 45613 33654
88200 33157 46310 36288
88300 33497 45434 34112
88400 33664 48862 37033
88500 33292 45804 34503
88600 38534 47500 33713
88700 35126 46570 33650
88800 40317 46797 34952
88900 35986 46366 33978
89000 33903 46555 34211
89100 33358 46273 41008
89200 33649 46623 33916
89300 34500 49119 34706
89400 32979 46647 34089
89500 33546 47108 36863
89600 34553 46923 34029
89700 34034 49490 35893
89800 34515 46381 34557
89900 34681 46775 34865
90000 35979 46228 35256
90100 33946 50367 34150
90200 33841 47099 38240
90300 33326 45779 34965
90400 34226 49454 34447
90500 33805 46866 35345
90600 34044 49011 35705
90700 34719 47090 35113
90800 34637 51420 37573
90900 34126 47117 35037
91000 36133 47442 38301
91100 33756 47871 35278
91200 34260 48258 34685
91300 37083 48033 40138
91400 34344 47704 34470
91500 36460 47690 35127
91600 33553 47356 35421
91700 35315 48856 35676
91800 34359 48472 36170
91900 36680 49393 35708
92000 34839 48062 35890
92100 35154 47700 35136
92200 35594 51336 37332
92300 34694 47377 34753
92400 35588 49601 36898
92500 35082 48104 34962
92600 33881 47159 36513
92700 34844 47799 37664
92800 35401 48434 37261
92900 34750 49808 35992
93000 39180 47962 36794
93100 34297 47722 35012
93200 37148 49378 37772
93300 36121 48317 37181
93400 38387 48405 35814
93500 36988 51101 36474
93600 38092 48411 35263
93700 34433 49445 35963
93800 35351 49219 36960
93900 35898 49989 36899
94000 34710 50037 39873
94100 35941 49125 35612
94200 35302 50418 37155
94300 38032 48727 37023
94400 35700 50429 36073
94500 36556 49426 37343
94600 37960 50884 35964
94700 35900 49770 36422
94800 36003 52356 35779
94900 36492 49870 36829
95000 35670 49053 40033
95100 36338 51598 36364
95200 35116 49486 38343
95300 36264 49744 36790
95400 36247 50106 37104
95500 35109 50506 36905
95600 36407 53188 38449
95700 36319 50346 37029
95800 36141 49990 36453
95900 36725 51585 38030
96000 36073 49169 38582
96100 35800 52490 39675
96200 36521 49972 39955
96300 36944 51329 35991
96400 35613 49183 36305
96500 36559 51222 37443
96600 36892 49921 39161
96700 39393 51809 38428
96800 36956 50818 37101
96900 37906 51207 37451
97000 36253 49485 37652
97100 39926 52258 41525
97200 36837 51428 37244
97300 37226 50968 38105
97400 36484 50545 37065
97500 38399 51861 36460
97600 36256 50206 37723
97700 43224 51778 38370
97800 37297 50381 36563
97900 37859 50680 36753
98000 35705 50464 37213
98100 38713 50985 38615
98200 41516 49946 36498
98300 39376 51579 37813
98400 36752 49712 37570
98500 39535 52281 37761
98600 36714 51349 38964
98700 38906 54130 37088
98800 36520 51098 38122
98900 39902 51812 37820
99000 37359 51468 38034
99100 42989 53512 38329
99200 36645 56207 39339
99300 37142 51192 38663
99400 38503 52604 40269
99500 37487 52211 38985
99600 37218 51856 39265
99700 37391 55093 38553
99800 37298 52044 41702
99900 38517 52533 38492
100000 37388 52782 41714
