500 106 153 92
600 96 118 85
700 120 169 111
800 146 175 104
900 154 203 117
1000 148 233 158
1100 245 351 146
1200 201 294 167
1300 215 312 209
1400 227 362 235
1500 249 366 238
1600 320 478 304
1700 372 422 245
1800 306 446 242
1900 308 467 270
2000 362 593 290
2100 353 555 294
2200 347 538 348
2300 386 634 341
2400 389 598 344
2500 599 718 332
2600 504 774 385
2700 493 718 394
2800 472 776 575
2900 522 849 482
3000 546 855 619
3100 859 963 476
3200 535 880 645
3300 798 1078 666
3400 747 1212 511
3500 661 1181 596
3600 967 1251 792
3700 659 1096 597
3800 795 1057 590
3900 938 1243 592
4000 714 1082 760
4100 729 1200 775
4200 1108 1549 1036
4300 1185 1343 693
4400 739 1381 748
4500 798 1263 821
4600 961 1295 685
4700 862 1531 1018
4800 1084 1360 1142
4900 953 1445 811
5000 929 1368 753
5100 884 1428 725
5200 919 1566 1092
5300 1496 1997 878
5400 1013 1873 1055
5500 1000 1652 959
5600 1611 2419 1651
5700 1273 2006 1301
5800 1188 2457 1620
5900 1738 2510 1721
6000 1803 2554 1687
6100 1804 2528 1678
6200 1318 1980 1037
6300 1143 1996 1151
6400 1181 2134 1058
6500 1198 2229 1233
6600 1188 2577 1334
6700 1422 2888 1468
6800 1303 2082 1889
6900 2189 2202 1143
7000 1471 2045 1255
7100 1349 2097 1372
7200 1337 2431 2027
7300 2278 3000 2157
7400 2149 3215 2178
7500 2050 2326 1265
7600 1436 2379 1298
7700 2042 3114 1395
7800 1526 2849 1270
7900 1973 3269 2118
8000 2366 3305 2049
8100 2111 3293 2023
8200 1753 2953 2162
8300 1900 2510 1529
8400 1628 3208 1831
8500 1702 2682 2131
8600 2393 3428 2105
8700 1642 2825 1454
8800 2347 3553 2284
8900 2252 3165 2348
9000 1995 2812 1556
9100 1620 2719 1469
9200 1844 2713 1583
9300 1678 2863 1425
9400 1877 2780 1547
9500 1713 2865 1427
9600 1823 3115 1765
9700 1843 2925 1552
9800 1810 3314 1926
9900 2205 3280 1765
10000 1937 3515 1671
10100 2215 3289 1807
10200 1889 3079 1583
10300 1907 3711 1910
10400 2472 3723 2466
10500 2018 3347 2070
10600 3030 3404 1848
10700 2166 3738 2803
10800 2571 3757 2007
10900 2101 3630 1923
11000 2296 3659 1943
11100 2352 3810 1968
11200 2445 3779 2053
11300 2885 3875 2295
11400 2294 3851 2237
11500 2438 3876 2365
11600 2340 4541 2499
11700 2214 4057 2361
11800 2619 4054 2159
11900 2528 4027 2098
12000 2883 4410 2464
12100 2371 4300 2433
12200 2343 3962 2324
12300 2388 4110 2319
12400 2669 4171 2215
12500 2603 4047 2291
12600 2494 4068 2595
12700 2590 4063 2304
12800 2555 4678 2280
12900 2657 4187 2281
13000 2479 4199 2353
13100 2582 4260 2400
13200 2806 4583 2357
13300 2470 4314 2412
13400 2863 4582 2495
13500 2655 4396 2339
13600 2696 4490 3481
13700 2647 4739 2468
13800 2693 4460 2499
13900 3052 4844 2631
14000 2827 4503 2479
14100 2729 4583 2552
14200 2700 4724 2596
14300 2808 4594 2587
14400 2964 4832 2581
14500 2804 4755 2671
14600 2821 6900 2550
14700 3220 4794 2604
14800 2913 4827 2720
14900 2768 5425 2608
15000 2942 4860 2667
15100 2845 4921 3152
15200 2972 4993 2676
15300 2971 5004 2678
15400 3016 4993 2721
15500 2898 5045 2922
15600 3873 5099 2830
15700 3082 5014 2740
15800 3067 5100 2842
15900 3144 5308 3108
16000 3668 5313 2855
16100 3195 5276 2792
16200 3446 5377 2878
16300 3200 5810 3030
16400 3232 5309 3587
16500 5326 5502 3049
16600 3348 5453 2821
16700 3132 5431 3112
16800 3364 5473 6872
16900 4898 6180 3521
17000 3703 5538 3211
17100 3377 5455 2891
17200 3456 5690 3378
17300 3368 7135 3831
17400 4177 6238 3329
17500 3448 5670 2933
17600 3781 5663 3011
17700 3422 7256 3467
17800 3456 5880 3059
17900 3740 5723 2932
18000 3528 5964 3219
18100 3562 6203 3083
18200 3506 5959 3030
18300 3515 6120 3218
18400 3513 5889 3138
18500 3509 6124 3163
18600 3861 6215 3153
18700 3574 6541 3145
18800 4198 7011 3163
18900 3586 6144 3137
19000 4056 6017 3080
19100 3871 6557 3089
19200 4020 6383 3171
19300 3856 6241 3258
19400 3744 6255 3416
19500 3728 6234 3174
19600 3748 6228 3379
19700 3815 6295 3534
19800 3763 6400 3273
19900 4009 6513 3265
20000 4161 6529 3366
20100 3772 6420 5438
20200 5114 6835 3606
20300 3806 6562 3766
20400 3988 6559 3432
20500 4078 6659 3488
20600 4033 8387 3644
20700 4531 7024 3485
20800 4020 6837 3566
20900 4261 6886 3672
21000 4360 7052 3689
21100 4206 6909 3745
21200 4252 7129 3715
21300 4213 7149 3923
21400 4339 7213 3905
21500 4276 7331 5049
21600 5878 8476 4848
21700 4577 7544 4165
21800 4386 8603 4601
21900 4558 7764 4082
22000 4405 7617 4113
22100 4496 7692 4195
22200 6171 7771 4358
22300 4804 7919 4505
22400 4873 7784 4495
22500 4588 8495 5915
22600 5872 8264 4470
22700 4560 8165 4593
22800 4714 8084 4407
22900 4673 8782 5260
23000 4812 8286 4526
23100 4764 8288 4590
23200 4763 8148 4525
23300 4780 8203 4839
23400 4672 8242 4544
23500 4784 8189 4508
23600 6319 10169 4524
23700 4826 8309 4571
23800 5322 12011 4642
23900 5002 8331 4799
24000 4675 8344 4556
24100 4787 8334 4599
24200 4806 8693 4993
24300 5016 8958 4630
24400 5020 8356 4639
24500 4871 8444 4972
24600 4978 8559 4670
24700 5336 8625 4872
24800 4953 8646 4661
24900 5035 10243 6116
25000 5002 8645 4725
25100 5012 9321 6005
25200 5911 9567 4933
25300 5153 8994 4832
25400 5196 8901 4870
25500 5465 8911 5092
25600 5511 9126 4933
25700 5691 9015 4973
25800 5166 9039 5290
25900 5243 8964 5173
26000 5296 9285 4933
26100 5327 9335 4963
26200 5382 9273 6199
26300 5561 9106 5139
26400 5413 9313 5121
26500 5518 9281 5056
26600 5422 9291 4973
26700 5423 9298 5085
26800 5369 9571 5229
26900 5731 12654 4959
27000 5385 9380 5048
27100 5486 9385 5137
27200 5634 9491 5216
27300 5461 9423 5238
27400 5527 9823 5261
27500 6278 9331 5140
27600 5492 9818 5364
27700 5557 9835 5214
27800 5756 9688 5256
27900 5560 9598 5181
28000 5625 9794 5488
28100 5655 9992 5305
28200 5656 9694 5185
28300 5720 10592 6093
28400 6378 9939 5376
28500 6968 9817 5252
28600 5844 10360 6978
28700 6092 10669 5374
28800 5757 9959 5348
28900 6034 9906 5954
29000 5736 10005 5372
29100 6110 10063 5825
29200 6149 11561 5551
29300 5861 10314 5385
29400 6008 10237 5531
29500 6065 10474 5452
29600 6070 10323 5550
29700 6192 10296 6103
29800 6144 12695 5592
29900 6003 10506 5553
30000 6110 10411 5897
30100 6262 10587 5688
30200 6133 10513 5645
30300 6139 10710 6069
30400 6240 10606 5565
30500 6321 10488 5683
30600 6271 10691 5603
30700 6303 10573 5723
30800 6288 10800 5756
30900 6698 12986 5801
31000 6955 10733 5801
31100 6432 10897 5806
31200 6245 12305 5922
31300 6511 11222 5905
31400 6851 11207 5807
31500 6415 10880 5747
31600 7335 11340 6187
31700 6758 11095 5986
31800 6466 10937 6127
31900 6889 11232 6046
32000 6807 11801 5844
32100 6482 11044 5975
32200 7544 11156 5902
32300 6611 11528 5898
32400 6777 11248 6424
32500 6781 11247 5906
32600 6552 11262 5961
32700 6781 11288 6113
32800 6762 11293 6050
32900 6930 11497 6394
33000 6733 14049 5915
33100 6757 11456 6140
33200 6785 11663 6259
33300 6935 11596 6071
33400 6857 11658 5971
33500 6894 11461 6024
33600 6796 11464 6169
33700 7264 11848 6250
33800 7004 13055 6376
33900 7033 12028 6708
34000 7299 11897 8422
34100 6803 12292 7633
34200 8163 12187 6318
34300 7397 12247 6577
34400 7716 12344 6484
34500 7388 11945 6173
34600 7119 11920 6499
34700 7028 11913 6307
34800 7238 12047 6267
34900 7113 12425 6340
35000 7278 14316 6362
35100 7112 12135 6602
35200 7133 12268 6437
35300 7171 12473 6408
35400 7677 12287 6369
35500 7310 12289 6265
35600 7253 12293 6605
35700 7329 12480 6397
35800 7564 12283 6738
35900 7332 12976 6504
36000 9790 12745 6474
36100 7645 12773 7054
36200 7683 12643 7400
36300 8025 14208 6559
36400 7523 12498 6561
36500 7377 12880 6503
36600 7453 12607 6713
36700 7809 12564 6619
36800 7990 12677 6495
36900 7482 14793 6780
37000 7613 12745 6516
37100 7585 12801 6656
37200 7531 13024 6704
37300 7608 12872 6719
37400 7717 13048 6709
37500 7827 12858 6696
37600 8052 13015 6769
37700 8250 13094 6729
37800 7725 15685 6742
37900 7856 13561 6800
38000 7718 13242 6718
38100 7803 12933 6794
38200 7627 13162 6936
38300 7804 13299 6836
38400 8680 13288 7036
38500 7906 13269 7494
38600 9673 14062 7065
38700 8454 15655 6879
38800 7984 13484 7004
38900 8725 13982 7378
39000 9210 13799 6838
39100 10361 13474 6862
39200 7944 13406 7443
39300 8116 13480 6881
39400 8395 13874 6936
39500 7997 13481 9899
39600 8147 13474 7372
39700 8632 13903 6989
39800 8470 14135 6905
39900 8094 13819 7015
40000 8291 13691 7139
40100 8199 13638 7227
40200 8169 13739 7506
40300 8552 13870 7132
40400 8196 16660 7175
40500 8183 14349 7706
40600 8470 13811 7186
40700 8122 13735 7291
40800 9789 14124 7343
40900 8621 14116 7499
41000 8408 13948 7134
41100 8220 14421 6964
41200 8275 14242 9481
41300 8411 14708 7175
41400 8251 14029 7202
41500 8354 14643 7388
41600 8490 14605 7424
41700 8663 14392 7518
41800 8834 15782 7921
41900 8834 14517 7619
42000 8622 14586 8937
42100 8619 19444 11608
42200 12660 18343 10785
42300 8508 14642 8120
42400 9051 15034 8050
42500 8956 15143 8074
42600 9014 15445 7996
42700 8755 19118 11834
42800 12038 17333 9735
42900 11054 15190 8269
43000 9296 15118 8341
43100 9179 15306 8196
43200 9057 16780 8295
43300 9018 15742 8834
43400 9147 15585 8507
43500 9124 17079 8439
43600 9579 16411 8433
43700 9270 15860 8440
43800 9143 16470 9094
43900 9211 15891 8909
44000 9304 15975 9286
44100 9720 16264 8855
44200 9394 16435 10836
44300 9647 16584 9504
44400 10233 18059 8771
44500 10242 17019 9109
44600 9398 17708 10635
44700 10197 16498 9374
44800 9473 16535 9039
44900 9587 16446 11687
45000 9529 17229 9216
45100 9515 16680 9549
45200 9728 16857 9163
45300 9561 16863 9223
45400 9682 16739 9392
45500 9583 16746 9343
45600 9626 16894 12084
45700 9731 17313 9253
45800 9769 16857 9374
45900 9769 17249 9317
46000 9962 17323 9805
46100 9869 17312 9386
46200 9782 17079 9411
46300 9759 17079 12188
46400 10922 20005 10367
46500 9900 17738 9377
46600 9963 17310 9628
46700 12750 18206 9948
46800 10549 17178 9641
46900 10259 17225 9468
47000 10026 20485 10061
47100 9806 17946 9401
47200 9958 17684 9517
47300 9839 18524 9388
47400 10107 17935 10079
47500 10283 17419 9824
47600 10280 18113 9745
47700 12507 17763 9739
47800 10072 18285 9755
47900 12743 18395 10122
48000 10322 17742 9708
48100 11518 19498 9745
48200 10006 17634 9928
48300 10198 20040 10030
48400 10183 17849 9789
48500 10428 17757 10111
48600 10362 18062 9709
48700 10605 17946 9805
48800 10151 17692 9926
48900 10306 18062 9683
49000 10870 17678 9893
49100 10707 18106 9738
49200 10337 18207 9846
49300 12250 21019 10025
49400 11288 18190 9935
49500 10566 21667 10176
49600 10830 21891 9772
49700 10373 20897 10213
49800 10418 18712 9976
49900 10742 18809 9909
50000 10700 18610 9911
50100 10468 18607 10337
50200 10436 21222 10313
50300 10395 18559 10174
50400 10499 18505 10343
50500 10559 18472 10648
50600 10837 18707 10262
50700 10548 18983 10377
50800 10721 18839 11825
50900 11298 18666 10673
51000 11085 18500 10311
51100 10975 18565 10246
51200 10945 18715 10479
51300 10721 20927 10940
51400 10990 19297 10234
51500 12185 19377 10370
51600 11238 18800 10251
51700 10985 19376 10545
51800 10913 18914 10319
51900 11275 18846 10561
52000 11219 18965 10948
52100 11114 20899 10445
52200 11144 19470 10396
52300 10982 19749 10239
52400 11215 19154 10318
52500 11485 19253 10400
52600 11746 19315 10663
52700 10899 21386 10835
52800 11283 19275 10553
52900 12701 19741 10568
53000 11274 19362 10472
53100 11479 19411 10710
53200 11417 19363 11010
53300 11095 21619 10724
53400 10946 19236 10264
53500 11759 19540 11021
53600 11443 20035 10921
53700 11110 20020 10617
53800 11642 19899 10610
53900 11193 21479 11210
54000 11631 19696 10907
54100 11436 19895 10801
54200 11626 19717 11034
54300 11440 19888 10665
54400 11431 21281 10906
54500 11150 19786 11001
54600 11299 20271 11158
54700 11650 20005 10766
54800 11812 20013 11139
54900 11532 20159 10820
55000 11863 19878 10814
55100 11530 22389 10939
55200 11683 20223 12226
55300 15066 20129 11008
55400 11653 20605 10959
55500 11552 23576 10968
55600 12649 20403 10861
55700 13814 20716 11492
55800 11803 20484 11474
55900 15091 20732 10915
56000 12108 20400 11002
56100 11803 20895 10958
56200 11567 32457 17603
56300 11739 21009 10964
56400 12388 20756 10955
56500 11619 21084 11160
56600 12042 20839 11030
56700 11808 20500 12208
56800 12644 23325 11663
56900 12562 20855 10965
57000 12266 20636 11603
57100 11945 20947 11361
57200 12451 20673 11240
57300 13738 22092 13808
57400 12029 21069 11188
57500 12193 20840 11600
57600 11966 21499 11227
57700 12129 21301 11229
57800 12256 20916 11433
57900 12228 24520 11278
58000 12956 21499 11400
58100 12072 21296 11324
58200 12478 21733 11500
58300 13244 21354 11682
58400 12298 21454 12221
58500 14559 21630 11620
58600 12584 21325 11640
58700 14397 22596 11617
58800 12380 21699 11426
58900 12416 21443 11831
59000 12563 22944 11378
59100 12626 22083 11847
59200 12942 21590 12201
59300 12789 22055 11871
59400 12387 21607 11967
59500 12857 21879 14222
59600 12505 21736 11817
59700 12505 21482 11954
59800 13008 22014 11554
59900 12947 21871 12062
60000 12627 22047 14601
60100 14572 22578 11868
60200 12958 23642 12345
60300 13605 22315 11852
60400 13021 21931 11713
60500 12826 22432 11877
60600 13146 25182 12123
60700 12864 22807 11842
60800 12695 24458 12486
60900 13192 24894 12185
61000 13260 22211 11944
61100 13387 24909 11799
61200 12969 22436 11933
61300 13063 22273 12721
61400 13188 27665 12257
61500 13111 22336 11818
61600 13435 22833 13626
61700 13267 25687 11997
61800 13019 22834 11923
61900 13294 22818 11900
62000 13278 23040 12504
62100 13307 23300 14582
62200 13223 22551 12100
62300 13243 22568 12736
62400 13214 23191 12301
62500 13425 23440 12376
62600 13736 23401 12176
62700 16005 26039 12338
62800 13374 22738 12401
62900 13193 23045 12071
63000 13414 22937 12533
63100 13757 22911 12565
63200 16113 22810 12176
63300 13603 23119 13759
63400 13691 23787 12402
63500 13812 23028 12765
63600 13451 23296 12641
63700 16224 23173 12407
63800 13700 23322 12920
63900 13717 23432 12376
64000 13577 28645 12422
64100 13754 23862 12581
64200 16461 23522 12427
64300 13768 24254 12741
64400 13636 23525 12598
64500 13983 24350 12391
64600 13942 23628 12618
64700 16954 23445 12669
64800 13884 23668 12513
64900 14022 23287 12438
65000 13489 23604 12560
65100 14114 23720 12403
65200 16411 23626 12859
65300 18973 24599 12832
65400 14283 23698 12622
65500 14276 23884 12593
65600 14223 24023 15233
65700 13940 23907 12771
65800 14644 24192 12973
65900 17817 23807 12813
66000 14188 23904 12677
66100 16158 24993 12489
66200 14242 24292 12834
66300 14957 24120 13211
66400 14406 23986 12887
66500 14400 28694 13582
66600 14280 27458 12765
66700 15172 24324 13128
66800 14806 24129 13182
66900 14068 24356 13165
67000 14214 24506 12818
67100 14692 26774 13252
67200 14667 24510 13585
67300 14352 24543 12887
67400 14737 24684 13252
67500 15161 24259 13129
67600 16621 24851 13150
67700 14455 27237 14743
67800 14730 24690 13727
67900 14957 25185 13125
68000 14664 27333 13083
68100 14969 26019 13041
68200 15214 25085 13261
68300 14598 25063 13251
68400 14728 24847 13113
68500 15204 27332 13617
68600 14957 25063 13551
68700 14462 24701 13310
68800 14537 24938 13160
68900 15461 27857 16340
69000 14815 25648 13377
69100 15086 25134 13243
69200 14682 25500 13339
69300 14964 24940 13400
69400 14753 27966 13140
69500 14925 25502 13630
69600 14846 25296 13025
69700 15363 25536 13050
69800 15163 25169 13145
69900 14992 27842 13114
70000 14942 25636 13213
70100 14859 30019 13562
70200 15136 25617 13409
70300 15139 25595 15691
70400 15318 25910 14027
70500 15671 28384 13182
70600 15318 25604 15314
70700 15427 25701 15235
70800 15162 28348 13307
70900 15443 25809 13470
71000 15197 26089 13384
71100 15136 26139 13386
71200 15388 25967 17882
71300 17686 26011 13957
71400 15514 25908 13732
71500 15504 25675 13604
71600 15107 25771 13707
71700 15309 27370 13357
71800 15955 25989 13389
71900 15371 26191 13779
72000 15581 25990 13390
72100 15412 26064 16592
72200 15333 26798 13573
72300 15259 26066 14788
72400 15595 30361 14317
72500 15578 26000 13784
72600 15747 30101 16901
72700 16303 26572 13742
72800 16072 26305 14418
72900 15852 26612 13464
73000 15867 29791 14436
73100 16232 26244 13690
73200 15630 26704 13575
73300 15458 26972 14155
73400 15589 26819 13977
73500 18432 29749 17446
73600 15684 26828 14073
73700 15557 26475 13765
73800 15807 26497 14343
73900 16051 29550 14780
74000 15910 26724 14060
74100 15655 27320 13998
74200 15827 28972 13809
74300 16235 29134 13867
74400 16465 26780 13974
74500 15944 27013 14052
74600 15999 27101 15455
74700 18040 27192 17040
74800 15877 28480 13861
74900 19114 27018 16056
75000 16612 28138 14438
75100 15695 27721 14206
75200 18729 27367 14894
75300 16125 27734 14254
75400 16206 28036 14247
75500 16169 27280 14891
75600 16663 30133 14757
75700 16412 29539 16844
75800 16289 27330 14042
75900 16326 27036 14538
76000 16181 29919 13984
76100 16234 27368 14167
76200 16446 27612 14465
76300 16702 27858 14733
76400 16553 27636 16510
76500 16636 27559 14323
76600 16954 27703 14157
76700 16521 28003 14366
76800 16417 30212 16096
76900 17729 28858 14670
77000 16731 28785 14453
77100 16565 28257 14486
77200 16983 28675 14209
77300 16563 29653 14910
77400 16427 27828 14691
77500 16186 27913 14547
77600 16536 27960 14943
77700 16925 29636 14703
77800 16841 28199 14735
77900 17722 30284 14537
78000 16762 29580 14480
78100 16650 29964 14287
78200 16284 28040 14415
78300 21770 28280 14360
78400 16383 30296 16549
78500 16589 32353 15352
78600 16397 27818 14376
78700 16425 27864 14255
78800 16556 28815 15705
78900 16932 28269 18018
79000 17116 28211 14377
79100 16742 28027 14512
79200 18803 28076 14388
79300 16560 28157 16410
79400 20157 28137 14771
79500 18052 28823 14732
79600 16882 29085 14467
79700 16616 29640 16630
79800 19471 28394 14637
79900 17011 30468 14671
80000 16888 29341 17233
80100 17651 29798 15297
80200 17748 28444 14599
80300 16810 28763 14748
80400 17398 29749 15382
80500 17239 30363 15092
80600 19372 28843 16370
80700 17510 29231 14808
80800 16897 29548 15450
80900 17814 29323 15357
81000 20190 29501 15026
81100 19732 30625 14876
81200 17305 32090 14835
81300 17038 29418 14921
81400 20472 29750 15032
81500 17409 29955 15425
81600 17162 29783 15130
81700 17396 29812 15724
81800 19446 30301 15308
81900 17469 29219 15020
82000 17309 29662 15070
82100 17410 34787 15273
82200 19170 29485 16022
82300 18036 29728 15149
82400 17587 29811 15456
82500 17753 30532 15418
82600 20906 30850 15860
82700 17588 29543 15767
82800 17903 32093 15607
82900 18324 30703 17719
83000 17868 32912 15939
83100 19517 32275 16765
83200 18272 30254 15960
83300 18455 34161 15495
83400 17957 30647 16136
83500 17723 30888 16076
83600 18349 31628 16115
83700 18608 33203 16099
83800 17877 31126 16556
83900 18072 31186 16083
84000 18046 31191 19048
84100 22607 30926 16279
84200 18103 30528 16601
84300 18867 30949 17084
84400 17794 31116 17397
84500 21736 31734 16260
84600 18419 31697 16577
84700 18631 31518 16673
84800 19395 32277 17457
84900 18628 31319 16684
85000 18633 36091 17285
85100 18917 31548 17514
85200 18942 33773 17499
85300 19155 31833 17029
85400 18670 31666 17575
85500 18552 32165 17566
85600 21050 32499 17060
85700 19038 32725 17666
85800 19413 32534 17903
85900 18779 33806 21678
86000 20251 32742 17118
86100 18788 32065 17348
86200 19272 32921 18157
86300 18996 34057 17266
86400 19188 32562 17381
86500 19022 32835 17372
86600 19917 33294 20509
86700 20900 32696 17683
86800 19723 33012 17112
86900 20745 33328 18362
87000 18629 35752 17800
87100 19298 34386 17445
87200 20720 34237 17672
87300 20051 35406 20237
87400 19167 32527 17603
87500 18901 37265 18086
87600 20489 33572 17675
87700 19330 35558 19066
87800 20092 33636 18190
87900 19557 33276 18475
88000 19683 33170 18253
88100 19390 33266 17939
88200 19098 33995 18316
88300 19507 34458 19503
88400 19787 35837 18310
88500 19840 33352 18820
88600 19879 33620 23022
88700 20191 34483 19878
88800 19361 34338 18668
88900 19950 33633 18341
89000 20451 34974 18685
89100 20081 36122 19019
89200 19562 34210 19001
89300 19472 35053 19259
89400 20067 35478 18798
89500 19585 37131 19386
89600 20463 34478 18955
89700 20450 34842 18657
89800 22241 35577 18763
89900 19792 34973 19055
90000 20468 36423 20416
90100 22211 34783 18953
90200 20432 34967 19410
90300 19703 34544 19068
90400 23038 36145 19984
90500 20217 34611 18796
90600 19718 34830 19273
90700 20769 35373 19578
90800 22542 35313 19546
90900 20412 34627 19435
91000 20871 36211 19822
91100 20051 36817 19675
91200 19837 35281 19367
91300 20185 37742 19398
91400 20281 35266 21166
91500 21869 35864 19411
91600 20395 35795 19395
91700 20116 35850 19598
91800 22895 35752 19793
91900 20397 35401 19893
92000 20039 35738 20711
92100 21626 35968 19830
92200 20727 36540 19505
92300 21171 36389 19846
92400 20426 37922 19910
92500 20470 36355 19705
92600 20834 37293 20492
92700 20452 35875 21102
92800 20729 36110 19895
92900 20454 38683 20145
93000 21079 35926 19933
93100 22018 36211 20309
93200 20496 36271 20077
93300 21378 36696 24302
93400 20530 38791 20051
93500 21091 35926 19847
93600 20283 36769 19985
93700 20549 39975 20338
93800 20869 36141 19418
93900 20373 36542 20171
94000 21013 36045 21670
94100 20648 36712 19850
94200 20482 37163 20240
94300 21064 36449 19682
94400 20752 36800 20161
94500 20673 38008 22436
94600 20586 36787 19999
94700 21073 40600 20523
94800 20680 37295 21166
94900 21248 36742 20452
95000 21115 36920 20374
95100 20801 36520 19800
95200 20827 36432 21236
95300 21098 36646 21727
95400 22288 37277 20974
95500 22180 36633 20848
95600 21322 37500 23003
95700 21042 36847 20493
95800 20747 36534 22916
95900 21184 36315 19923
96000 20981 36373 19797
96100 20892 37782 21382
96200 22175 37874 20330
96300 21875 37256 20082
96400 21288 36813 21179
96500 21439 39458 20203
96600 21082 39052 20459
96700 21311 37018 21053
96800 21395 37833 20179
96900 21102 39354 23994
97000 21664 37720 20498
97100 21411 37574 20835
97200 21511 39715 20304
97300 21353 37745 20926
97400 21602 37329 20103
97500 21783 37372 22151
97600 22021 37827 21176
97700 21496 37332 22501
97800 23212 37634 20510
97900 21544 38349 21181
98000 22044 37292 20429
98100 21605 36910 21402
98200 24097 37039 21342
98300 22145 37620 20582
98400 22313 37502 21232
98500 22499 37200 22884
98600 22771 37643 20858
98700 22067 37695 20616
98800 23755 38738 20954
98900 22487 38002 20574
99000 24552 38455 21402
99100 21730 38776 20627
99200 21737 38433 20828
99300 22894 38477 22397
99400 21981 38507 21999
99500 22131 40399 21156
99600 25034 38100 21022
99700 22075 38070 21522
99800 21399 39218 20774
99900 22345 38216 20996
100000 22590 39966 21487
