500 78 92 54
600 130 134 62
700 118 150 91
800 126 170 92
900 135 203 89
1000 140 198 97
1100 191 281 183
1200 211 237 111
1300 228 284 137
1400 210 334 180
1500 240 354 189
1600 260 359 184
1700 359 592 365
1800 348 450 220
1900 311 426 224
2000 324 449 308
2100 546 505 306
2200 369 525 252
2300 392 559 273
2400 446 577 292
2500 398 597 256
2600 417 635 390
2700 530 741 372
2800 452 685 381
2900 477 748 654
3000 479 784 400
3100 511 754 391
3200 636 791 438
3300 527 849 440
3400 579 1005 457
3500 724 1149 638
3600 961 1303 471
3700 649 931 708
3800 946 1354 752
3900 1024 1059 672
4000 881 1060 579
4100 712 1033 515
4200 1009 1252 611
4300 911 1145 787
4400 892 1522 906
4500 1188 1158 539
4600 914 1408 920
4700 1271 1244 961
4800 1235 1359 1107
4900 1403 1561 643
5000 967 1783 626
5100 1040 1356 605
5200 880 1451 1053
5300 1509 1913 1157
5400 1397 2017 1268
5500 1493 1604 772
5600 962 2092 1284
5700 1757 2152 1328
5800 1415 1674 841
5900 1129 1806 1043
6000 1352 1680 1240
6100 1449 1784 943
6200 1548 2342 1628
6300 1286 2119 1075
6400 1402 2272 926
6500 1145 1855 946
6600 1172 1871 983
6700 1147 1847 1086
6800 1202 1967 942
6900 1403 2706 1585
7000 2039 2731 1457
7100 1446 2675 943
7200 1252 2350 1652
7300 1947 2009 970
7400 1905 2805 1645
7500 2277 2845 1661
7600 2133 2872 1677
7700 2288 2290 1178
7800 1475 2480 1720
7900 2259 2954 1674
8000 2320 2969 1779
8100 2314 2457 1293
8200 1457 2344 1506
8300 1529 3451 1906
8400 2186 3005 1357
8500 1734 2685 1561
8600 2179 2618 1807
8700 1869 2452 1288
8800 1606 2433 1138
8900 1579 2573 1146
9000 1806 2511 1507
9100 2182 3210 1475
9200 1864 2625 1326
9300 1785 2683 1249
9400 1752 2646 1225
9500 1868 2704 1220
9600 1796 2914 1241
9700 2496 3065 1269
9800 1779 2872 1279
9900 1972 2881 1230
10000 1821 3469 1377
10100 2529 2949 1285
10200 2029 2811 1478
10300 1864 3264 1351
10400 2134 3053 1488
10500 1952 3178 1493
10600 2611 3199 1593
10700 2125 3246 2586
10800 3130 3513 1879
10900 2131 3339 1691
11000 2132 3500 2035
11100 2552 3851 2077
11200 2042 3484 2057
11300 2025 3530 1816
11400 2210 3532 1780
11500 2373 3582 1729
11600 2437 3678 1836
11700 2308 3473 2018
11800 2476 3595 2035
11900 2225 3889 2246
12000 2865 4200 2585
12100 2888 4060 1907
12200 2445 3766 1987
12300 2431 3731 1917
12400 2529 3914 1845
12500 2560 3852 2214
12600 2784 4032 2107
12700 2456 4850 2440
12800 2824 4085 1906
12900 2835 3993 2028
13000 2648 4167 2303
13100 2999 4388 2564
13200 3085 4180 2196
13300 2851 4066 1954
13400 2726 4116 2057
13500 2629 4242 2385
13600 2687 4091 2131
13700 3346 4896 2317
13800 2753 4670 2169
13900 2872 4192 2106
14000 4405 4394 2232
14100 3012 4455 2014
14200 2650 4196 2037
14300 2781 4689 3966
14400 4368 4281 2091
14500 2709 4249 2159
14600 2711 4409 2242
14700 3333 5849 3225
14800 3612 5254 2337
14900 2748 4454 2511
15000 2819 4459 2205
15100 2924 4485 2317
15200 2884 4707 2209
15300 2942 4589 2302
15400 2923 4645 2250
15500 2899 4699 2242
15600 3053 4657 2303
15700 3154 5089 2261
15800 3072 4695 2356
15900 2989 4769 2265
16000 3117 5092 2331
16100 3036 5066 2338
16200 3151 5047 2331
16300 3108 5308 2387
16400 3213 5152 5508
16500 3212 5174 2532
16600 3165 5015 2392
16700 3204 5092 2420
16800 3239 5006 2385
16900 3276 5078 2464
17000 3650 5139 2494
17100 3264 5124 2611
17200 3592 5350 2512
17300 3293 5253 2426
17400 3339 5234 2379
17500 3300 5191 2569
17600 3446 5266 2496
17700 3432 5308 2506
17800 3360 5309 2440
17900 3450 5430 2529
18000 4081 5382 2562
18100 3477 5572 2687
18200 3536 5508 2563
18300 3481 5499 2589
18400 3658 5665 2579
18500 3621 5602 2578
18600 3675 5612 2670
18700 5734 5727 2631
18800 3659 5669 2593
18900 3753 5663 2635
19000 3634 5646 2676
19100 4543 7221 3391
19200 4719 6841 3293
19300 3870 5886 2741
19400 3824 6768 3771
19500 4024 7983 3310
19600 3849 5847 2767
19700 3817 5938 2733
19800 3812 5937 2713
19900 3801 6168 2759
20000 3893 6129 2797
20100 3904 6098 2880
20200 3961 6070 2795
20300 4084 6095 2995
20400 4060 6404 2940
20500 4150 6219 2832
20600 5722 6407 2943
20700 10864 13539 3048
20800 4055 6793 3184
20900 4216 6542 3108
21000 4135 6677 3341
21100 4162 6641 3295
21200 4127 6722 3501
21300 4279 6805 3431
21400 4386 6967 3518
21500 4183 6853 3584
21600 4208 7232 3713
21700 4642 6970 3572
21800 4242 7130 3706
21900 4226 7065 3553
22000 4296 7168 3635
22100 4351 7126 3610
22200 4342 9573 3600
22300 4361 7064 3606
22400 4515 7163 3654
22500 4659 7165 5703
22600 4885 7508 3788
22700 4343 7222 4110
22800 4497 7397 3736
22900 4568 7423 3688
23000 4478 7317 3716
23100 4489 7287 3832
23200 4491 7727 3861
23300 4584 7482 3883
23400 4492 8982 4087
23500 5652 8603 4754
23600 4629 7545 3836
23700 4581 7509 3875
23800 7359 7579 3779
23900 4565 7711 3880
24000 4649 8481 3816
24100 4712 7847 3980
24200 4701 8058 3928
24300 4913 7806 4052
24400 4891 7778 3918
24500 4785 7776 3995
24600 4827 7805 4075
24700 4755 8056 4275
24800 4964 7890 3968
24900 5222 7967 4065
25000 4937 7996 4592
25100 5142 8588 4050
25200 5537 8105 6746
25300 5051 8033 4099
25400 4926 8297 4165
25500 5036 8104 4358
25600 6118 8207 4281
25700 5093 8257 4168
25800 5181 8447 4226
25900 5145 8467 4226
26000 5086 8322 4149
26100 5071 8548 4287
26200 5093 8368 4648
26300 5160 8448 4143
26400 5286 8783 4446
26500 5193 8504 4483
26600 5350 8605 4200
26700 7654 8494 4280
26800 5581 8711 4371
26900 5356 8722 4327
27000 5405 8763 4368
27100 6552 10850 5317
27200 5392 8775 4398
27300 5386 8694 4310
27400 5396 8829 4278
27500 5329 9344 4282
27600 5460 8797 4360
27700 5539 8843 4311
27800 6083 8768 4309
27900 5510 9396 4391
28000 5513 11652 4328
28100 5825 9060 4455
28200 5677 8972 4529
28300 5581 9003 4480
28400 5606 9116 4812
28500 5812 9337 4717
28600 5687 9176 4443
28700 5515 9828 4434
28800 5825 9141 4454
28900 5730 9204 4510
29000 5806 9475 4903
29100 5928 9273 4684
29200 5764 9386 4511
29300 7957 9617 4688
29400 5898 9868 4855
29500 5940 9471 4563
29600 5978 9830 4775
29700 5861 9559 4709
29800 5878 9591 4607
29900 5909 9638 5086
30000 6223 9760 4678
30100 5981 9732 4780
30200 5962 9708 4926
30300 6146 11413 6010
30400 7486 10038 4805
30500 11723 10043 4657
30600 5935 9923 4980
30700 6185 9753 7302
30800 6338 9702 4822
30900 6637 9867 4769
31000 6179 9879 5257
31100 6208 10281 5064
31200 6534 10089 4819
31300 6197 10479 5017
31400 6742 10631 5088
31500 6244 10038 4828
31600 6294 12072 5277
31700 6386 10304 5118
31800 6375 10220 5098
31900 6457 10316 4920
32000 6451 10306 4923
32100 6343 10223 5036
32200 6401 10359 5405
32300 6461 10424 5013
32400 6427 10375 5037
32500 6628 10479 5035
32600 6876 10401 4955
32700 6519 10716 6812
32800 7026 10510 4974
32900 6613 10510 5154
33000 6584 10613 5122
33100 6908 10791 5076
33200 6603 13624 6200
33300 8199 10890 5310
33400 6783 11004 5098
33500 6819 10700 5499
33600 6845 10815 5371
33700 7030 10756 5490
33800 7628 13629 5159
33900 6764 10846 5102
34000 6744 10952 5234
34100 6960 11043 5375
34200 7022 10978 5217
34300 6981 10946 5825
34400 7164 11277 5428
34500 7009 10995 5327
34600 7036 11143 5536
34700 6995 11256 5245
34800 6936 11231 5252
34900 7393 14092 5318
35000 7148 11100 5311
35100 7464 11268 5379
35200 7224 11492 5226
35300 7076 11261 5318
35400 7043 11389 5726
35500 7181 11465 5399
35600 7143 11593 5362
35700 7176 11496 5411
35800 7377 11415 5462
35900 7116 15387 6641
36000 8266 12147 5544
36100 7288 11641 5433
36200 7404 11660 5544
36300 7206 11568 5503
36400 7442 17860 6226
36500 7417 11722 6099
36600 8322 12410 6755
36700 7615 11905 5483
36800 7733 11829 5971
36900 7645 13517 5454
37000 7528 11865 5676
37100 7854 12153 5735
37200 7992 11948 5578
37300 7627 12025 5550
37400 8199 12393 5645
37500 7799 12146 5843
37600 7704 12325 5688
37700 7696 12219 5977
37800 7684 12540 8644
37900 8952 13946 8178
38000 8656 12143 5744
38100 7854 12487 5838
38200 7700 12395 5799
38300 7833 12334 7168
38400 9096 13248 5818
38500 7877 12472 5749
38600 8100 12407 6045
38700 8353 12856 5808
38800 9807 12838 5721
38900 8227 13151 5800
39000 8143 13297 5766
39100 8040 12566 6330
39200 8007 12658 5828
39300 8670 12746 6008
39400 8408 12817 6229
39500 8219 12619 6283
39600 8082 12940 5915
39700 8417 15968 5957
39800 8056 13044 6074
39900 8505 13005 5944
40000 8155 12860 5953
40100 8162 12975 5998
40200 8289 13235 5908
40300 8085 12771 5910
40400 8145 13371 6036
40500 8256 13872 6832
40600 8210 13821 6058
40700 8359 13953 7147
40800 8476 13235 6053
40900 8429 14579 6388
41000 8412 13078 6064
41100 8284 13585 6185
41200 8420 13619 6693
41300 8367 13204 6433
41400 8527 13354 6261
41500 8398 15743 6763
41600 8479 13534 6432
41700 8600 18155 6818
41800 8466 13824 6903
41900 9041 13774 6810
42000 8877 14857 6821
42100 8558 13760 7010
42200 8535 13959 7487
42300 9203 14007 7323
42400 8626 14060 6935
42500 8994 15459 7611
42600 8733 15353 7348
42700 9765 14282 7393
42800 9142 14408 8963
42900 10264 15569 8149
43000 9663 14769 7850
43100 9764 16732 7805
43200 9063 15369 7896
43300 9108 14895 7693
43400 9334 14607 7516
43500 8698 14676 7646
43600 8634 15232 7909
43700 8811 14911 7711
43800 9428 15807 8792
43900 8945 15487 7561
44000 8777 15449 8077
44100 8964 14929 7664
44200 9298 15099 7625
44300 9015 15642 7736
44400 9407 15562 7694
44500 9035 15952 8230
44600 9075 15737 7754
44700 9271 17928 7768
44800 9061 15863 7655
44900 9844 15590 8108
45000 9321 15329 7632
45100 9144 15311 7793
45200 9879 15605 7821
45300 9803 15330 7992
45400 9549 15624 7796
45500 9333 15320 7664
45600 9211 15442 7998
45700 9671 15845 7758
45800 9224 15678 7777
45900 9212 15949 8126
46000 9320 28444 10615
46100 9355 15561 8032
46200 9615 15723 7921
46300 9444 16359 7933
46400 9360 15609 7884
46500 9320 15927 7886
46600 9248 15704 7819
46700 9476 16647 8683
46800 10848 15975 9074
46900 10057 15803 9121
47000 9596 16091 8251
47100 9743 16024 8061
47200 9869 15845 8063
47300 9655 16403 11104
47400 9761 15962 8202
47500 10323 16408 8637
47600 10537 16643 8284
47700 9659 16025 8423
47800 10210 16628 8134
47900 9628 16002 8133
48000 9492 16061 8063
48100 9704 16057 8161
48200 10487 16848 9661
48300 9702 16937 8240
48400 11840 16928 8215
48500 9918 16785 8543
48600 11216 18129 8552
48700 10816 16374 8198
48800 9910 16546 8575
48900 9950 16356 8494
49000 10447 16562 8269
49100 9821 18810 8211
49200 10286 17393 8493
49300 10183 16633 8579
49400 10324 16944 8378
49500 10347 16676 8847
49600 10585 17072 8339
49700 10284 16719 8447
49800 10608 18979 8802
49900 10135 17162 8482
50000 10108 16856 8468
50100 10877 17328 8623
50200 10382 17826 8646
50300 10337 17083 9349
50400 10569 17905 9512
50500 11762 17308 9158
50600 10807 17239 8585
50700 10572 17060 9243
50800 10607 19643 9090
50900 11301 17532 8904
51000 11071 17523 8928
51100 10848 17771 8768
51200 10562 18279 10396
51300 10865 17433 9063
51400 10644 17717 8561
51500 10377 17311 8706
51600 10462 17336 8671
51700 10826 17381 9264
51800 10831 17578 9593
51900 10746 17699 8663
52000 10430 17473 8789
52100 11988 18490 9203
52200 11090 17767 8850
52300 10540 17525 9527
52400 11085 17958 8978
52500 10641 18604 8707
52600 10791 17729 8860
52700 10725 17778 9033
52800 11510 17814 9412
52900 11064 18164 8964
53000 10790 17790 8957
53100 11361 17922 8974
53200 13071 18164 9335
53300 10889 17796 8825
53400 11152 18490 8867
53500 10723 17862 8887
53600 11030 18146 8837
53700 10821 19166 10993
53800 11309 19802 9355
53900 11242 18388 8897
54000 11027 19146 9357
54100 10994 18192 9781
54200 11961 18791 9016
54300 11051 18317 9572
54400 11733 18240 8868
54500 13126 18419 9653
54600 11899 18293 9005
54700 11303 18808 9880
54800 12151 18818 9200
54900 12179 18976 9424
55000 11574 18448 9119
55100 11013 20511 9104
55200 11861 19185 9279
55300 11082 18847 10968
55400 13255 19596 9759
55500 11371 18664 9182
55600 11331 18641 9331
55700 11255 20961 9404
55800 11856 19704 9265
55900 11439 18707 9280
56000 11293 18859 9633
56100 12065 19581 9303
56200 11501 18744 9170
56300 11568 18745 9401
56400 11508 19604 9491
56500 12244 20290 9348
56600 11453 18940 9385
56700 11399 19656 9753
56800 11916 22161 9427
56900 11791 20281 12569
57000 13597 19609 10043
57100 12101 19463 9531
57200 12053 19652 9467
57300 12084 20696 9398
57400 12342 19447 9493
57500 12113 19850 10318
57600 12090 20078 9400
57700 11692 19321 9488
57800 11746 20832 9604
57900 12374 19728 9633
58000 12050 19958 9883
58100 12387 20303 10333
58200 11860 20057 9728
58300 12951 19550 9604
58400 12558 20231 9991
58500 14094 20266 10255
58600 11924 19742 9528
58700 12107 20851 10547
58800 12094 20348 10306
58900 11946 19700 9661
59000 14148 20173 10120
59100 12361 20087 10044
59200 12340 20122 9806
59300 12330 20930 10711
59400 12473 20486 9968
59500 12753 20031 10654
59600 12417 21085 10789
59700 12579 20016 9907
59800 12807 20427 10180
59900 12907 21789 11712
60000 14980 22033 9966
60100 12773 20079 9892
60200 12735 21815 10268
60300 12810 20283 9935
60400 12567 20301 10020
60500 12856 20393 9993
60600 12537 20416 10746
60700 13490 20674 10560
60800 12645 23271 9932
60900 12883 21193 10278
61000 12452 20590 10815
61100 12596 20941 10120
61200 13422 21055 10204
61300 13078 21322 10074
61400 13343 23604 10401
61500 13443 20856 10191
61600 12748 23027 10110
61700 13972 20910 10153
61800 13972 20951 10047
61900 12781 20853 10113
62000 12693 20690 10212
62100 13317 21932 11349
62200 13105 22397 10767
62300 13512 21650 10731
62400 12982 20871 10608
62500 13563 21420 10333
62600 13449 21726 10674
62700 13242 23960 10565
62800 13226 22935 12390
62900 13242 21099 10325
63000 12862 21243 10281
63100 12919 21085 10245
63200 12991 21241 10312
63300 14657 21518 10516
63400 13629 22241 10636
63500 13068 21381 10819
63600 13323 21667 10411
63700 13878 22490 10907
63800 13482 23125 10507
63900 13613 22221 10494
64000 13295 23910 10523
64100 13766 21976 10750
64200 13599 23029 10776
64300 13735 21622 11063
64400 13360 22504 10623
64500 13612 22368 10685
64600 13672 21879 10436
64700 13406 21641 10460
64800 13288 21675 10551
64900 13292 21949 10491
65000 13472 22525 10999
65100 13515 22465 10871
65200 13591 22637 10628
65300 14208 23186 11538
65400 13992 25463 11198
65500 13729 22781 10804
65600 14657 23823 10669
65700 13617 21877 10594
65800 14225 22946 10617
65900 13658 21985 10710
66000 15757 23613 11123
66100 13762 23003 10667
66200 14350 25476 10955
66300 14448 22633 10815
66400 14128 23561 11445
66500 14911 23207 11233
66600 14059 23028 11734
66700 14230 22651 10919
66800 14228 22603 11109
66900 14361 23823 11217
67000 14120 22554 11463
67100 14578 23262 10829
67200 13963 23557 10931
67300 14370 23295 10962
67400 14978 22706 10756
67500 14199 22727 10993
67600 15412 22897 11514
67700 14200 23507 11025
67800 14414 23149 10877
67900 15154 23210 11410
68000 14728 25222 11162
68100 14447 23047 11595
68200 15398 24854 11188
68300 14933 24152 11591
68400 14327 23004 11065
68500 14388 25840 11775
68600 15158 23851 11390
68700 14565 23241 11301
68800 14552 23600 11882
68900 14171 22940 11881
69000 15410 25743 11325
69100 15019 25758 11564
69200 15208 23703 11146
69300 14405 23248 11074
69400 14498 23247 11179
69500 16540 24655 11199
69600 14570 24156 11387
69700 14685 23506 11125
69800 14684 23877 11829
69900 14943 23540 11779
70000 15388 26134 12119
70100 14549 24096 11231
70200 15239 23825 11191
70300 14888 23885 11698
70400 15500 23670 11245
70500 15654 24796 11855
70600 14664 23538 11542
70700 15019 24322 12493
70800 15254 24144 11898
70900 14887 23677 11787
71000 15478 26612 11646
71100 15015 24115 11461
71200 14843 23795 11502
71300 16703 26106 11572
71400 14991 25694 11821
71500 16275 24686 11571
71600 15106 24643 11613
71700 15126 24220 11969
71800 15185 25032 11492
71900 15035 24978 12112
72000 16634 25762 12493
72100 15023 24603 11638
72200 15281 24688 12073
72300 15814 24445 11386
72400 15393 26756 11607
72500 18312 24521 11874
72600 15580 24632 11819
72700 15475 25047 11718
72800 16420 24916 11963
72900 16101 25025 14586
73000 15886 25523 12091
73100 15386 24810 11806
73200 16576 26475 11818
73300 15587 24950 12538
73400 16138 27552 12453
73500 15399 25000 11804
73600 15553 25065 11808
73700 15793 25197 11883
73800 15925 26007 11881
73900 16120 26733 11921
74000 15895 25004 11743
74100 15940 25040 11735
74200 15768 25549 12260
74300 16282 25922 12095
74400 17309 26310 11658
74500 15541 25601 11870
74600 16036 25225 11724
74700 15612 26430 12035
74800 16365 25805 12017
74900 16064 26039 12089
75000 15797 25759 12140
75100 15697 25112 11931
75200 15646 26511 12050
75300 16312 26282 11999
75400 16478 25703 12438
75500 16350 26022 14421
75600 19176 26370 12144
75700 16513 26034 14336
75800 15903 25700 12410
75900 17955 25937 12305
76000 17218 26339 12101
76100 17080 26015 12595
76200 16356 28111 12075
76300 16734 26643 12211
76400 16830 26861 12369
76500 16382 26181 12357
76600 17119 26089 14978
76700 17247 29632 12212
76800 16365 26623 11971
76900 16643 26871 13223
77000 17604 28679 12173
77100 17051 28082 13193
77200 16458 26731 12655
77300 17413 27044 12358
77400 16788 27324 12600
77500 16762 26770 13392
77600 17262 26340 12405
77700 16754 26886 12618
77800 16688 28575 15386
77900 16909 26689 12339
78000 19509 26632 12660
78100 16919 26790 12432
78200 17557 26903 12698
78300 17152 26726 12806
78400 16623 28053 12944
78500 16690 26486 12414
78600 17262 26907 12606
78700 17369 27205 12713
78800 17355 26488 12443
78900 19530 26510 14856
79000 19606 26757 12754
79100 16923 27261 12569
79200 16855 27335 12607
79300 17037 28492 12531
79400 17270 26924 12364
79500 17167 29590 13353
79600 18629 28254 12905
79700 18244 27074 15260
79800 17286 26988 12693
79900 17414 27297 12469
80000 18120 27253 15101
80100 19715 27708 13068
80200 19923 30107 12735
80300 17224 27252 12907
80400 17753 27504 12881
80500 18778 27261 12707
80600 17328 29231 12946
80700 17393 27369 12826
80800 17304 28471 13215
80900 17503 28167 12792
81000 17270 29593 12988
81100 17327 27449 16168
81200 18266 28465 13040
81300 17542 28290 13256
81400 18793 27855 13901
81500 17857 28039 13138
81600 18329 27927 13056
81700 18104 27871 13607
81800 18342 28662 12964
81900 20381 27988 13041
82000 17725 27785 13430
82100 18397 28461 13303
82200 18802 31474 13361
82300 18144 29674 13205
82400 18162 28212 13391
82500 18333 28254 13732
82600 18142 27960 13497
82700 17973 29055 13421
82800 17721 28407 13701
82900 18345 28789 13878
83000 18138 28778 13667
83100 17813 29364 13970
83200 17580 28956 13955
83300 21768 29121 13898
83400 18190 29323 14264
83500 17962 29331 16811
83600 17962 28927 14145
83700 18963 29004 14653
83800 17986 30131 14285
83900 18184 29327 16671
84000 17869 29147 14680
84100 19061 29787 15008
84200 18271 30519 14454
84300 20034 31952 15335
84400 18341 29368 15417
84500 18562 30069 15181
84600 18424 30156 15299
84700 18254 29784 17564
84800 18103 30034 15380
84900 18324 30177 15201
85000 18739 29832 15063
85100 18185 30548 17067
85200 18125 31082 15364
85300 22673 31572 15531
85400 18485 30332 15854
85500 18560 31876 15378
85600 18561 30630 15582
85700 19117 30775 16376
85800 18578 30587 15790
85900 18280 33250 15967
86000 19151 31123 16079
86100 18075 31022 16243
86200 18266 31096 18918
86300 20612 31885 15567
86400 18544 31332 15946
86500 18562 31096 15751
86600 18420 31144 15873
86700 21724 33028 16127
86800 18434 31272 15579
86900 18523 31679 16136
87000 18781 31215 17297
87100 18452 31437 16380
87200 18921 35670 16412
87300 18583 31800 15999
87400 18636 34403 15756
87500 18732 31815 16118
87600 18832 32802 16449
87700 18677 31512 16178
87800 21840 31691 16247
87900 19136 31472 15994
88000 19968 33242 16544
88100 21342 31790 20883
88200 20358 31966 16562
88300 18657 32133 16689
88400 18791 31736 16226
88500 19022 32933 16146
88600 19060 31976 16200
88700 18841 31904 16433
88800 19109 31673 16503
88900 18697 34705 16231
89000 19685 31889 16250
89100 21329 35052 16446
89200 19149 31973 19918
89300 19676 32427 16745
89400 18995 32630 16694
89500 19049 32057 16203
89600 19045 34151 16283
89700 19619 32361 16248
89800 19474 32448 16531
89900 19401 32329 16422
90000 19826 38576 16852
90100 19501 32530 16826
90200 19345 32321 16423
90300 19365 32419 19201
90400 19687 32540 16585
90500 19095 32183 16356
90600 19255 32607 16441
90700 19569 34868 16825
90800 21857 32329 17298
90900 19232 34017 22848
91000 19241 32785 16660
91100 21944 32802 16818
91200 20045 33062 17104
91300 20322 32521 16589
91400 19689 36341 16934
91500 20547 32681 16589
91600 19973 33056 17179
91700 22714 33885 16907
91800 22736 34610 20561
91900 19901 32868 17197
92000 19937 32854 16676
92100 20043 35983 17022
92200 19655 32895 17127
92300 19420 33158 17048
92400 19614 33066 17359
92500 19786 35939 16822
92600 20030 33224 17551
92700 19947 34643 20202
92800 19955 33090 19918
92900 19668 33549 17260
93000 20169 33396 16963
93100 20038 33846 16767
93200 20308 35661 17109
93300 20274 33197 16970
93400 19807 33092 16795
93500 20767 33506 20416
93600 19800 36861 19226
93700 20048 33866 17615
93800 20119 33779 17447
93900 20250 36285 17170
94000 19987 34206 17553
94100 20271 33464 17473
94200 19973 33496 20255
94300 20115 33611 17380
94400 20678 33972 17057
94500 20029 37788 17766
94600 20784 35951 17808
94700 20380 34047 17396
94800 20250 34432 17164
94900 20827 34194 19736
95000 20442 34295 17333
95100 20329 35645 19210
95200 20944 34327 17459
95300 20466 36217 17259
95400 23641 36050 20946
95500 20567 34176 17721
95600 20730 36359 17263
95700 20428 34558 17362
95800 20952 34657 18047
95900 20445 34385 17366
96000 23554 34083 18413
96100 20965 34256 17507
96200 21092 34141 22213
96300 22546 37404 17728
96400 21184 34102 17762
96500 20594 34896 17790
96600 20695 34318 20184
96700 20906 34818 17891
96800 20591 35044 17877
96900 20911 34732 17785
97000 23602 34554 17571
97100 20836 37805 19568
97200 22719 35484 18151
97300 20718 37382 17328
97400 21196 34831 17672
97500 21017 35032 17542
97600 21207 34368 18120
97700 23082 35915 17702
97800 20932 35427 17492
97900 20989 35251 18813
98000 23091 36256 18112
98100 21119 36060 18039
98200 21268 35128 17927
98300 21226 37300 17838
98400 21783 35182 18127
98500 25532 36938 18281
98600 21029 35497 20172
98700 21365 35032 17899
98800 21543 37911 18497
98900 21289 35099 17797
99000 21143 38774 18151
99100 21124 35679 18630
99200 20941 35348 17670
99300 21562 37753 17924
99400 22049 36939 22981
99500 24999 35191 19325
99600 22675 40087 19289
99700 20777 35047 17942
99800 22106 37209 17634
99900 21052 36454 18352
100000 24407 36686 18132
