500 83 111 71
600 146 108 54
700 168 211 102
800 248 171 66
900 164 218 121
1000 255 283 158
1100 263 315 181
1200 306 346 420
1300 356 424 219
1400 442 441 209
1500 392 413 205
1600 438 466 222
1700 521 522 297
1800 543 585 274
1900 577 597 213
2000 344 464 242
2100 343 468 254
2200 447 689 298
2300 553 580 307
2400 429 611 280
2500 414 576 286
2600 486 623 286
2700 438 606 279
2800 466 632 288
2900 493 669 319
3000 500 693 313
3100 543 721 326
3200 579 746 318
3300 577 757 340
3400 599 948 539
3500 757 1045 542
3600 1026 860 571
3700 758 935 481
3800 762 1194 634
3900 956 1093 481
4000 716 1012 523
4100 995 1327 661
4200 1015 1378 715
4300 856 1365 894
4400 924 1336 926
4500 1278 1583 861
4600 843 1577 942
4700 1347 1675 991
4800 1362 1424 891
4900 912 1289 745
5000 924 1337 622
5100 1134 1347 623
5200 955 1498 615
5300 965 1376 779
5400 1007 1369 770
5500 1342 1755 1069
5600 1673 1993 1029
5700 1119 1477 677
5800 1461 2074 1121
5900 1908 2153 1057
6000 1450 2009 831
6100 1725 1840 704
6200 2153 1776 1171
6300 1568 2239 1228
6400 1954 1898 708
6500 1283 1797 1237
6600 1578 1709 777
6700 1752 1952 768
6800 1777 2482 1285
6900 2159 2709 1309
7000 2170 2512 1200
7100 1412 2678 1336
7200 1937 2466 1335
7300 2612 2883 1424
7400 2540 2761 1241
7500 1486 2019 1472
7600 2401 2866 1418
7700 2466 2820 1472
7800 2236 2128 986
7900 2107 2584 1756
8000 1508 3206 1687
8100 2283 2595 1251
8200 1571 2635 1497
8300 2531 2702 1291
8400 1934 2577 1285
8500 1850 2760 1261
8600 1563 3178 1341
8700 1986 2861 1249
8800 1801 3338 1780
8900 2592 3181 1802
9000 2595 2930 1288
9100 2240 3705 2151
9200 2287 2927 1193
9300 1856 2571 1301
9400 1715 2712 1224
9500 1845 2611 1382
9600 2054 2730 1207
9700 1880 2755 1264
9800 1902 2773 1248
9900 1797 2945 1238
10000 2022 2884 1817
10100 1891 3299 1403
10200 2094 3259 1367
10300 2075 2887 1535
10400 1929 3219 1372
10500 2989 3099 1301
10600 2295 3128 1629
10700 2794 3140 1469
10800 2077 3091 1401
10900 2490 3106 1385
11000 2102 3192 1507
11100 2120 3372 1803
11200 2679 3240 1413
11300 2374 3135 1741
11400 2294 3622 1718
11500 2218 3403 1491
11600 2452 3415 1523
11700 2414 3399 1736
11800 2547 3330 1702
11900 2279 3415 2057
12000 3852 3691 2411
12100 3810 4102 1649
12200 2449 3661 1577
12300 2531 3600 1536
12400 2648 3710 1556
12500 2870 3810 1565
12600 2810 3797 1570
12700 3153 4871 1654
12800 2781 3842 1655
12900 2692 3780 1602
13000 3001 3781 1740
13100 2752 3903 1826
13200 2627 3881 1859
13300 2693 4081 2021
13400 2678 4140 1981
13500 3033 4045 1758
13600 3396 4057 1655
13700 2776 3920 1732
13800 2765 3965 2618
13900 2786 4209 1771
14000 2790 4028 1689
14100 2800 3957 1812
14200 2910 4002 1836
14300 2920 4116 1748
14400 3259 4206 1881
14500 2933 4401 1975
14600 3144 4486 1936
14700 3294 4301 1899
14800 3087 4246 1829
14900 3172 4366 1982
15000 3249 4437 1870
15100 3140 4379 1882
15200 3407 4490 1941
15300 3300 4665 1893
15400 3259 4482 1929
15500 5033 5183 2049
15600 3100 4574 2093
15700 3015 4590 2148
15800 3043 4717 2249
15900 3027 5301 3988
16000 4154 5508 3939
16100 4053 5623 3500
16200 4067 4943 2328
16300 3153 4912 3765
16400 3641 4926 2337
16500 3144 4886 2307
16600 3130 4951 2373
16700 3221 4989 2463
16800 3444 5008 2385
16900 3293 5091 2424
17000 3285 5288 2471
17100 3434 5082 2463
17200 3309 5238 2425
17300 3381 5126 2451
17400 3309 5289 3796
17500 3326 5155 2429
17600 3321 5275 2470
17700 3492 7987 2458
17800 3375 5362 2545
17900 3408 5301 2566
18000 3455 5451 2542
18100 3633 5615 2584
18200 3568 5570 2555
18300 3732 5620 2557
18400 3562 5606 2571
18500 3594 5600 2889
18600 3740 5553 2578
18700 3597 5623 2644
18800 3608 5616 2661
18900 3628 5661 2615
19000 4309 5747 2696
19100 3650 5855 2698
19200 3790 5785 2665
19300 3764 5909 2713
19400 3770 5835 2754
19500 3785 5799 2738
19600 3851 5927 3048
19700 4243 5912 2771
19800 4442 7711 2828
19900 3785 6014 2742
20000 3926 6055 2765
20100 4074 6101 2782
20200 3960 6191 3036
20300 4031 6092 2792
20400 4031 6169 2824
20500 3995 6435 2849
20600 3975 6169 2868
20700 4104 6213 2881
20800 4225 6304 2832
20900 4181 6493 2871
21000 4396 6415 2960
21100 6936 7812 2992
21200 4228 6423 3156
21300 4923 7510 3602
21400 5369 6707 2950
21500 4293 6552 3598
21600 4776 8598 2869
21700 4328 6521 2918
21800 4341 6633 3061
21900 4540 6722 3056
22000 4384 6771 3068
22100 4371 6735 3046
22200 4417 7001 3478
22300 4563 6706 3100
22400 4873 6703 3051
22500 4468 6805 3068
22600 4500 7070 3235
22700 4754 7010 3159
22800 4526 9103 3706
22900 4701 6995 3221
23000 4692 7162 3123
23100 4624 6953 3243
23200 4730 7462 3364
23300 4701 9276 3217
23400 5936 8117 3215
23500 4820 7661 3190
23600 4707 7077 3345
23700 4880 7096 3247
23800 5115 7446 3290
23900 5263 7246 3502
24000 4865 7225 3286
24100 4889 7278 3251
24200 4937 7353 3533
24300 5235 7442 3389
24400 4968 7462 3356
24500 4924 7512 3350
24600 5011 7800 3359
24700 5091 7487 3388
24800 5142 7844 3383
24900 7445 7594 3468
25000 5172 8184 3472
25100 5298 7585 3463
25200 5519 7839 3438
25300 5185 7696 3684
25400 7844 9345 4317
25500 6276 7895 3422
25600 5294 7810 3416
25700 5390 8267 3755
25800 5862 7956 3511
25900 5424 7925 3482
26000 5438 8407 3484
26100 5358 8014 3483
26200 5397 8458 3960
26300 7577 9141 3735
26400 5608 8170 3543
26500 5617 8227 3690
26600 5790 8697 6380
26700 5568 8113 3526
26800 5520 8511 3596
26900 5479 8329 3688
27000 5559 8258 3588
27100 5589 8719 3711
27200 5758 8340 3709
27300 5658 8406 3683
27400 5830 8414 3635
27500 5729 9003 3673
27600 6325 8579 3709
27700 8950 8454 3740
27800 5959 8694 3769
27900 5911 8697 3738
28000 5910 8759 3808
28100 5904 8700 3694
28200 6031 8603 3737
28300 5950 10264 4550
28400 5979 8723 3750
28500 6306 8765 3904
28600 6237 9089 3821
28700 6107 8894 4165
28800 6111 8880 3862
28900 7925 10182 5315
29000 8078 8944 4014
29100 6438 9161 4014
29200 6287 9007 4883
29300 6269 9050 4006
29400 6396 9348 3929
29500 6482 9132 3968
29600 6309 9238 4006
29700 6375 9547 4148
29800 6471 9802 4076
29900 6420 12655 4053
30000 6368 9232 3974
30100 6810 9568 4054
30200 6665 12012 4128
30300 6800 9557 4183
30400 6616 9492 4052
30500 6824 9621 4249
30600 6682 9712 4320
30700 6647 9530 4144
30800 6652 9666 4186
30900 6618 9751 4568
31000 6627 9777 4385
31100 6501 9719 4430
31200 6822 9756 4531
31300 6535 10219 4601
31400 6458 12653 5050
31500 6734 10089 4774
31600 6816 10817 4809
31700 6538 10280 4871
31800 6339 10392 4942
31900 6477 11250 5526
32000 7753 11263 5035
32100 6913 10455 5024
32200 6443 10417 5427
32300 6445 10322 4943
32400 6463 10786 5172
32500 6504 10587 7853
32600 6464 10571 5430
32700 6596 10568 5020
32800 6751 10525 4957
32900 6530 10827 5008
33000 6550 10522 5053
33100 6518 10692 5136
33200 6739 10728 5111
33300 6806 10533 5100
33400 6775 10771 5609
33500 7065 11109 5178
33600 6586 10807 7911
33700 6943 10953 5187
33800 6832 10847 5175
33900 6954 10965 5199
34000 6800 10907 5255
34100 6789 11023 5455
34200 6958 11065 5302
34300 7351 10983 5307
34400 7019 11312 5268
34500 6814 11059 5626
34600 6917 11157 5328
34700 6968 13048 6543
34800 7548 11648 5218
34900 6948 11642 5383
35000 7094 11085 5623
35100 7502 11178 5397
35200 7124 11372 5455
35300 7213 11745 5486
35400 7221 11258 5382
35500 7139 11289 5335
35600 7544 11417 5417
35700 7235 11475 5424
35800 8943 11408 5363
35900 7176 11526 5676
36000 7485 11576 5487
36100 7350 11785 5507
36200 7680 11570 5702
36300 8319 11685 5426
36400 7727 11677 5785
36500 7330 11684 5588
36600 7800 11660 5715
36700 7377 12342 5563
36800 10236 11972 5518
36900 7399 12104 5653
37000 7505 11890 5993
37100 7511 11849 5627
37200 7428 11981 5745
37300 7644 14486 6768
37400 8939 12525 5666
37500 7829 12467 5770
37600 7535 12151 5653
37700 7731 13765 5669
37800 7516 11962 5656
37900 7645 12229 5951
38000 7715 12488 5704
38100 7758 12176 5780
38200 8151 12306 5739
38300 7794 12397 5743
38400 7965 12172 5914
38500 8650 12717 5680
38600 7855 12357 5872
38700 10370 12331 5861
38800 7786 12556 5926
38900 7981 12462 6209
39000 7898 12574 5991
39100 7955 12678 5912
39200 7948 12725 6164
39300 8284 12638 5895
39400 8349 12749 5844
39500 8131 12809 5931
39600 8100 15455 5886
39700 8049 17575 7916
39800 8388 15000 6212
39900 8027 12700 5885
40000 8459 12896 7438
40100 8249 12845 6152
40200 10250 13225 5914
40300 8314 13033 5953
40400 8601 13216 6140
40500 8971 14729 6789
40600 8636 13195 6013
40700 8490 13431 6079
40800 8447 13066 6007
40900 8827 13570 5966
41000 8645 13441 6593
41100 8418 13419 6038
41200 8510 13245 6202
41300 8737 13966 6179
41400 10158 13677 6089
41500 8802 13604 6243
41600 8675 13305 6443
41700 8659 13511 6495
41800 8667 13621 6229
41900 8706 13742 8322
42000 11061 13764 6231
42100 8670 13666 6300
42200 9016 16215 6242
42300 8805 13727 6159
42400 8982 13740 6665
42500 8838 13657 6500
42600 8889 13585 6386
42700 8825 13658 6676
42800 9046 14299 6406
42900 8918 13818 6746
43000 9245 13946 6594
43100 10533 14338 6543
43200 9557 13985 6667
43300 9279 13865 6645
43400 9291 14338 6451
43500 9025 13992 6983
43600 9458 14085 6837
43700 9232 14047 6449
43800 9188 14012 6535
43900 9107 16713 6383
44000 9638 14227 6797
44100 11249 15110 6577
44200 9943 14538 6611
44300 10041 14155 6834
44400 9510 14277 6916
44500 9336 14370 6506
44600 9478 14613 6497
44700 9318 16890 7198
44800 9389 14666 6609
44900 9340 14707 6509
45000 9769 14997 6727
45100 10044 14500 7322
45200 9812 14570 7106
45300 9520 14696 6736
45400 10310 15212 6854
45500 9548 16834 7170
45600 9767 16102 6609
45700 12831 14871 6778
45800 10389 14972 6776
45900 9678 15127 6799
46000 9722 15150 6900
46100 12245 16224 6721
46200 10035 14839 6816
46300 9798 17340 6698
46400 9685 15323 6799
46500 9910 15615 6923
46600 10045 15084 7055
46700 10236 14882 6856
46800 12513 15229 6860
46900 10449 15337 6902
47000 9946 15305 7149
47100 11343 15408 7505
47200 10286 15551 6913
47300 10200 15472 6962
47400 10100 15379 6802
47500 10029 16103 6930
47600 10056 15765 6978
47700 10110 15692 7332
47800 10368 18465 6948
47900 10030 15920 7125
48000 10108 18375 8448
48100 10443 15497 7306
48200 10595 17666 7067
48300 10134 15612 7142
48400 10337 16242 7108
48500 10350 15974 7113
48600 11381 15562 9403
48700 18107 16628 7156
48800 10497 15955 7420
48900 10446 16014 7736
49000 10439 15928 8028
49100 10790 16544 7232
49200 10783 16190 7157
49300 12674 18574 7061
49400 10700 16078 7374
49500 10576 16009 7595
49600 11061 16051 7227
49700 10856 16058 7392
49800 10826 17878 8323
49900 13511 16172 7452
50000 11742 16212 7351
50100 10806 16176 7603
50200 10847 16226 7590
50300 10705 16174 7238
50400 11431 16216 7423
50500 11186 16429 7333
50600 11054 16350 7393
50700 10948 19202 7255
50800 11586 16545 7460
50900 11178 16643 7608
51000 10991 16650 7877
51100 11513 16403 7585
51200 11016 16808 7446
51300 11695 16650 8671
51400 11116 17850 7469
51500 11447 16778 7563
51600 11062 17757 9798
51700 12115 17068 7917
51800 12094 16800 8178
51900 12011 16903 7880
52000 11632 17576 7762
52100 11394 19585 7581
52200 11611 17046 7594
52300 11277 17174 7622
52400 11213 17178 7570
52500 11637 18762 7959
52600 12504 17380 7972
52700 12308 18992 8096
52800 14398 16994 7793
52900 11675 17719 7853
53000 12131 17184 7698
53100 12036 17273 7845
53200 11545 17511 7917
53300 11574 18765 8876
53400 13899 17363 7635
53500 11530 17996 7960
53600 11605 17267 7749
53700 11580 17258 7752
53800 11539 17381 7788
53900 12111 17684 7752
54000 11747 17907 7889
54100 11846 18243 7654
54200 11703 17485 7714
54300 11685 17475 7808
54400 11790 18814 7791
54500 11850 17567 7842
54600 12084 17863 8383
54700 12130 18154 8345
54800 11919 18802 7847
54900 12126 18016 7858
55000 12097 18321 10371
55100 12742 18168 8027
55200 11933 18215 7961
55300 12294 18119 7925
55400 12128 18577 10228
55500 12285 18410 8126
55600 12597 18223 7960
55700 12243 18073 8058
55800 12490 17985 7998
55900 12100 17941 7950
56000 12255 18674 8024
56100 14885 18692 8022
56200 12891 18663 8161
56300 12375 18554 8058
56400 12253 18239 8001
56500 12740 18604 8174
56600 12478 18747 8990
56700 14746 20867 8716
56800 12631 18579 8246
56900 12605 18871 8671
57000 12581 19128 8580
57100 12424 18550 8052
57200 12817 19280 8420
57300 12873 19575 8801
57400 12727 19116 8297
57500 12973 19169 8305
57600 12841 18851 8135
57700 12644 18639 8253
57800 12643 18797 8238
57900 12626 18799 8675
58000 14418 19725 8398
58100 12864 19121 8767
58200 12888 19810 9130
58300 13790 19495 8446
58400 13259 19260 8676
58500 13161 19822 8736
58600 12979 18947 8531
58700 13797 19274 8904
58800 13021 20407 8448
58900 13182 19160 8789
59000 13188 19258 8539
59100 13498 19419 8597
59200 13947 19683 8496
59300 13580 19348 9372
59400 13386 19238 8476
59500 13235 19237 8516
59600 13220 19430 8884
59700 13869 19455 8720
59800 16467 20304 8799
59900 13605 20471 8886
60000 13823 20226 8589
60100 13655 19884 8681
60200 13746 19718 8676
60300 14117 20138 9056
60400 15208 20347 8772
60500 13832 20641 8714
60600 13565 19720 8703
60700 13652 19767 9199
60800 13829 20645 9140
60900 13497 20229 8721
61000 14066 20857 8779
61100 14535 22754 9122
61200 13792 20593 8916
61300 14561 20366 8893
61400 13877 20491 8963
61500 13791 22079 9029
61600 13727 20052 9065
61700 14408 20923 9212
61800 14103 20252 9041
61900 13586 20599 9284
62000 14092 20715 9640
62100 13558 22194 9417
62200 14028 21258 9662
62300 14128 20873 9670
62400 13588 21000 9588
62500 13631 21101 9869
62600 13719 20698 9676
62700 14693 21764 10397
62800 14244 21980 10352
62900 13618 21097 10172
63000 13488 23001 10025
63100 13409 21775 10644
63200 13447 23097 10115
63300 13328 22173 10245
63400 13725 21480 10621
63500 13222 21908 10639
63600 13541 21675 11204
63700 13614 22233 10615
63800 15755 21808 10512
63900 13530 21841 10524
64000 13285 22113 11082
64100 14450 22020 10547
64200 13893 22222 10577
64300 13699 23619 10905
64400 13697 22351 10708
64500 13777 21932 10642
64600 13726 21842 10630
64700 13612 22241 11045
64800 14138 22207 11431
64900 14718 22587 11016
65000 13697 22119 10631
65100 13543 22101 10719
65200 13572 22252 11303
65300 13922 22371 10613
65400 13712 25742 10594
65500 14169 28434 11272
65600 13533 22338 10625
65700 13823 22623 10967
65800 14092 23993 10653
65900 13873 25244 10649
66000 13606 22884 10894
66100 13831 22404 11037
66200 14455 22633 11047
66300 14880 22849 10872
66400 13945 22957 13010
66500 14087 25429 11100
66600 14010 22692 10946
66700 14083 23991 11699
66800 14954 23286 11067
66900 13955 23392 13406
67000 14423 23368 11091
67100 16244 22653 10951
67200 14052 22791 10845
67300 14590 23826 10911
67400 13987 23291 11098
67500 17206 23585 11037
67600 14418 22962 11043
67700 15722 22718 10858
67800 14157 22999 11022
67900 14246 23226 11137
68000 16260 23772 10964
68100 14538 23164 11078
68200 14708 23434 11170
68300 14590 23587 11385
68400 14533 23439 11284
68500 14322 26432 11495
68600 14476 23336 12602
68700 14531 23701 11198
68800 14745 23512 12105
68900 15263 23705 13295
69000 15661 24942 11519
69100 14628 23497 11430
69200 15325 23960 14359
69300 17149 24852 11059
69400 14832 23899 11177
69500 18091 23951 11493
69600 14836 23613 11178
69700 15120 23761 11607
69800 14976 24364 11445
69900 17695 23530 11360
70000 17838 23887 11243
70100 14746 23750 11239
70200 14779 23894 11363
70300 14737 24230 11336
70400 18495 24787 11528
70500 20123 25474 11567
70600 14856 24428 11521
70700 15161 24112 11854
70800 16199 24081 11224
70900 14624 23635 13158
71000 15214 24513 11721
71100 15594 24337 11558
71200 15273 24315 11907
71300 15576 24393 11475
71400 15304 27349 12792
71500 14975 24465 11603
71600 15525 24306 11606
71700 15370 28241 11715
71800 15430 24291 12154
71900 15200 27354 11667
72000 15073 24480 11862
72100 15144 25011 11933
72200 15415 25918 12177
72300 15676 24726 11731
72400 15221 26353 11680
72500 15490 24724 11723
72600 15548 24672 11644
72700 15813 25015 11769
72800 16016 25166 11908
72900 17966 26657 12029
73000 15639 25216 11734
73100 15682 25115 12171
73200 16154 25019 12518
73300 15760 25044 14535
73400 15508 25658 12216
73500 16215 25236 11734
73600 15786 25083 12335
73700 15438 25217 11637
73800 15491 27575 11782
73900 15905 25269 11930
74000 15794 25334 12063
74100 15966 27039 11820
74200 16469 25462 11966
74300 15824 27339 11665
74400 15807 25666 12257
74500 15891 25483 12329
74600 16573 25354 12212
74700 15975 25166 11711
74800 18666 25143 11777
74900 15617 25449 12022
75000 15916 25932 12259
75100 16146 26292 12238
75200 15917 25480 14537
75300 17822 25822 11786
75400 16819 25802 11980
75500 16970 26282 12661
75600 16055 25442 12303
75700 16401 27499 12417
75800 15852 25375 12003
75900 16466 25983 12406
76000 16098 28496 13252
76100 17519 26727 14596
76200 16248 25482 12008
76300 16521 26594 12390
76400 16175 27495 12749
76500 16170 26872 12100
76600 16506 28112 12411
76700 16388 27081 12193
76800 17222 26520 12189
76900 16712 26171 12148
77000 16352 26038 12103
77100 18996 26373 12676
77200 16356 26090 12691
77300 16968 26865 12653
77400 16709 25974 12251
77500 16432 28448 14086
77600 18820 26782 12235
77700 16672 26724 12582
77800 16907 26155 12412
77900 16749 27077 12327
78000 16741 26923 12519
78100 16702 26840 12193
78200 16730 27251 12489
78300 16621 26482 12256
78400 16394 26339 12285
78500 17212 27157 12148
78600 17270 28028 12926
78700 17438 30130 12555
78800 17355 26977 12847
78900 16592 27605 12477
79000 17403 27533 12585
79100 17078 27211 12384
79200 16904 26950 12590
79300 17019 28598 12884
79400 16982 27801 13292
79500 17508 27754 12384
79600 16695 27234 12447
79700 17129 27057 15250
79800 17175 31091 12607
79900 16693 26647 12302
80000 17432 27296 12625
80100 17494 27526 12909
80200 20288 27181 12682
80300 17556 27310 12583
80400 16986 27522 14398
80500 17733 27176 12820
80600 17454 29872 13360
80700 17257 27793 12686
80800 17251 27211 12540
80900 17210 30593 12897
81000 17805 28316 13765
81100 17749 28346 13062
81200 18070 27923 14403
81300 20506 28148 12797
81400 17629 27944 15052
81500 17814 27780 13518
81600 18057 27549 13261
81700 17720 28055 13283
81800 17471 27400 13184
81900 19128 28137 13485
82000 21820 28856 13176
82100 18010 27948 12711
82200 17869 28299 13140
82300 17951 30926 12973
82400 20783 29458 13177
82500 17892 28309 13494
82600 17570 27700 13072
82700 18342 29974 13079
82800 18656 29249 13285
82900 18106 28266 13413
83000 18050 31550 14089
83100 18610 30464 13301
83200 19157 28702 13262
83300 18041 28360 13249
83400 18183 28165 13381
83500 18182 28372 15947
83600 18486 32513 14837
83700 19827 34365 14625
83800 22513 33135 15295
83900 18625 31281 13023
84000 18343 32748 14445
84100 18589 28975 13999
84200 18196 29092 13557
84300 18650 30939 13926
84400 18422 28897 13418
84500 18320 30942 13448
84600 18626 28965 13522
84700 18911 31478 13833
84800 18422 29280 13737
84900 19226 29104 13858
85000 18402 29084 17273
85100 19270 32479 13308
85200 18763 29248 13378
85300 18473 29055 13622
85400 18634 28933 14054
85500 18937 28919 15543
85600 18444 29800 13397
85700 18834 29284 13775
85800 19029 29176 13865
85900 18766 29052 16475
86000 19186 30031 14614
86100 23413 31631 13781
86200 19153 29246 13700
86300 18891 31833 13425
86400 18866 29194 13645
86500 18924 29161 13786
86600 18877 29403 13927
86700 18769 29781 14716
86800 19193 30153 13624
86900 18870 29586 13884
87000 19000 29964 15752
87100 21559 33225 13565
87200 20026 29884 15226
87300 19844 30086 13829
87400 21182 29717 13729
87500 18953 32717 13816
87600 19811 29591 13733
87700 19116 30426 13791
87800 19309 30222 13773
87900 19434 31939 13841
88000 19736 29698 14651
88100 24944 30781 13843
88200 19315 30438 13783
88300 19567 32730 13933
88400 19287 30330 17664
88500 19164 30453 14385
88600 19706 30014 14377
88700 22688 30046 15064
88800 21026 30060 14053
88900 19730 30646 14076
89000 20364 31752 17586
89100 19541 31970 13918
89200 21456 32080 16120
89300 19497 30381 14090
89400 20006 31338 14364
89500 19917 30824 14038
89600 19903 31025 14212
89700 20502 30879 13916
89800 20492 33502 14624
89900 19476 30579 14116
90000 19783 35358 14355
90100 19901 30685 14244
90200 20405 33809 14144
90300 20085 30674 14444
90400 20058 31225 14202
90500 19891 30833 14647
90600 22652 31456 14231
90700 19770 30700 18217
90800 20306 31006 15222
90900 20292 31090 18125
91000 22034 30960 14115
91100 20031 31188 14544
91200 20133 31034 14524
91300 20218 34494 14537
91400 20131 31000 14624
91500 20618 31584 14385
91600 20238 31354 14478
91700 20662 33649 14324
91800 20302 31210 14400
91900 20141 35814 15114
92000 20250 32312 14436
92100 23847 31430 14397
92200 21255 33376 15083
92300 20882 31695 14860
92400 20682 32281 15887
92500 20653 31321 14604
92600 20302 32403 14313
92700 21171 31853 15779
92800 20711 35043 17396
92900 20641 31572 14518
93000 20670 31594 14608
93100 20963 31961 15425
93200 23663 31941 14740
93300 20885 31590 15321
93400 20621 31903 15059
93500 20496 32150 17341
93600 20532 32079 15872
93700 20406 32464 16374
93800 25488 32136 14994
93900 21165 34611 14658
94000 20711 32123 15278
94100 21157 31934 15101
94200 21305 32157 15116
94300 22731 32093 15122
94400 20829 32419 14973
94500 24253 32635 14800
94600 20858 32480 17015
94700 27407 33469 14845
94800 21160 32461 14704
94900 21837 32836 15245
95000 21254 37287 14727
95100 21205 36182 14599
95200 21179 32398 15111
95300 21102 32713 16730
95400 20759 32788 14909
95500 21441 33038 15059
95600 24032 33438 15038
95700 21707 35270 15466
95800 24496 32737 14847
95900 21537 33015 15090
96000 21556 33465 14992
96100 23201 32571 15287
96200 21608 33279 15068
96300 22572 33041 14982
96400 21739 34443 14840
96500 25756 34157 15044
96600 21670 33307 15165
96700 21986 33142 15117
96800 23381 32746 15218
96900 22404 33244 15616
97000 21817 33039 15191
97100 21889 34521 15192
97200 21564 33044 15196
97300 21767 33553 15540
97400 25531 34481 15211
97500 22091 33981 15211
97600 22160 33736 15875
97700 22336 33594 15750
97800 21724 33530 17371
97900 21692 33599 15278
98000 22666 34012 15718
98100 21697 33666 15261
98200 22028 34916 18029
98300 24979 33864 15542
98400 22072 33807 15520
98500 22006 34118 17552
98600 22243 33583 15196
98700 22580 33851 15459
98800 21938 33912 15409
98900 24237 34186 15501
99000 22305 34244 15281
99100 22597 36631 18624
99200 22642 36144 17277
99300 22755 36103 16225
99400 22337 34182 16197
99500 22762 33911 15464
99600 25365 34221 16163
99700 22886 34560 16348
99800 22371 34457 16352
99900 22448 36702 15494
100000 24289 36942 15439
