500 124 97 42
600 106 108 47
700 136 132 48
800 206 147 51
900 151 177 103
1000 230 239 79
1100 203 216 93
1200 255 275 106
1300 328 395 151
1400 298 338 109
1500 348 314 136
1600 345 344 119
1700 307 357 156
1800 381 404 180
1900 385 420 186
2000 372 434 179
2100 394 456 209
2200 546 526 265
2300 452 514 205
2400 453 538 214
2500 546 717 231
2600 528 588 237
2700 544 623 246
2800 593 744 300
2900 666 706 260
3000 641 708 280
3100 801 795 281
3200 725 774 283
3300 875 849 336
3400 597 788 370
3500 788 1131 525
3600 802 1125 446
3700 1169 1192 374
3800 1144 1152 445
3900 776 950 394
4000 893 970 410
4100 875 1261 582
4200 879 1045 438
4300 824 1197 729
4400 1449 1587 692
4500 1190 1348 581
4600 1341 1454 762
4700 1553 1706 817
4800 1499 1235 454
4900 1641 1396 516
5000 1409 1955 627
5100 1068 1263 838
5200 1759 1440 688
5300 1293 1903 1022
5400 1380 1978 979
5500 2068 1894 550
5600 2170 1799 657
5700 1311 1587 599
5800 1312 1496 761
5900 1311 1528 610
6000 1459 1539 598
6100 1603 1659 600
6200 1604 1714 627
6300 1605 1669 610
6400 1659 2223 617
6500 1705 2536 772
6600 1426 1766 734
6700 1396 1749 751
6800 1791 2536 1338
6900 2231 2270 1124
7000 2185 1990 839
7100 1937 2619 1139
7200 2140 2630 1359
7300 2344 2693 1403
7400 2477 2772 1409
7500 1885 1979 837
7600 2551 2812 1438
7700 2504 2906 1441
7800 2637 2884 1176
7900 2631 2982 939
8000 2247 2255 940
8100 1827 2627 1342
8200 1678 2368 937
8300 1675 2542 970
8400 2945 3212 1494
8500 2696 2872 1475
8600 1962 2478 967
8700 1807 2531 944
8800 2082 2366 1290
8900 1811 2657 1016
9000 1890 2758 1471
9100 2890 3496 1158
9200 2244 2600 1172
9300 1972 2663 1040
9400 2235 2956 1397
9500 2121 3097 1254
9600 2367 3125 1251
9700 2430 2884 1069
9800 2257 2780 1080
9900 2556 2687 1250
10000 2711 2997 1082
10100 2385 3172 1115
10200 2231 2841 1129
10300 2347 2881 1216
10400 2347 2971 1148
10500 3309 3664 1311
10600 2925 4795 1404
10700 2376 3420 2074
10800 2912 3601 1153
10900 2501 3025 1309
11000 2841 3226 1674
11100 2735 3162 1575
11200 2621 3452 1427
11300 2772 3313 1373
11400 2891 3395 1252
11500 3013 3436 1225
11600 2894 3454 1322
11700 3002 4237 1500
11800 3602 3893 1655
11900 3277 3444 1319
12000 3407 3595 1479
12100 3480 3787 1564
12200 3180 3701 1330
12300 3217 3673 1559
12400 3216 3721 1316
12500 3417 3793 1627
12600 3234 3940 1612
12700 3299 3747 1660
12800 3377 3825 1416
12900 3128 3829 1475
13000 2986 4827 1560
13100 2712 4099 1640
13200 2915 3882 1622
13300 2833 3914 1745
13400 3298 4012 2627
13500 3027 3926 1793
13600 2725 4059 4776
13700 2779 3988 1750
13800 2697 4166 1720
13900 2909 4202 1722
14000 3111 3977 1813
14100 2863 4113 1750
14200 2901 4397 1784
14300 2924 4111 1848
14400 2968 4281 1951
14500 3024 4193 2219
14600 5522 4362 1845
14700 2955 4374 1905
14800 3068 4387 1866
14900 3286 4474 1910
15000 3151 4371 1875
15100 3100 4465 2555
15200 3295 4415 1941
15300 3213 4505 1880
15400 3704 5133 2650
15500 4337 5471 1916
15600 3323 4587 2108
15700 3540 4615 1993
15800 3391 4547 1969
15900 3320 4773 1997
16000 3451 4641 1954
16100 3483 4699 2018
16200 3450 4771 4551
16300 3532 5173 2059
16400 3557 5157 2032
16500 3562 4885 2099
16600 3592 5197 2144
16700 3510 4875 2056
16800 3623 4952 2252
16900 3682 4940 2076
17000 3654 4970 2077
17100 3674 5062 2075
17200 3777 5049 2329
17300 3782 5085 2154
17400 3787 5134 2113
17500 3748 5127 2160
17600 3774 5339 2519
17700 3893 5289 2169
17800 3847 5361 2155
17900 3909 5251 2186
18000 4121 5279 2237
18100 4031 5318 2299
18200 4089 5336 2209
18300 4381 5537 2332
18400 4174 5438 2293
18500 6620 5671 2525
18600 4183 5483 2561
18700 4413 5603 2296
18800 4682 5754 2275
18900 4218 5573 2338
19000 4345 6039 2287
19100 4272 5621 2395
19200 4287 5674 2346
19300 4298 5892 2402
19400 4363 5787 2351
19500 4532 5818 2385
19600 4455 5807 2461
19700 4962 6012 2388
19800 4555 6100 2386
19900 4598 5894 2580
20000 4633 5958 2421
20100 4698 6956 2456
20200 5859 6972 2457
20300 4634 6626 2579
20400 4681 8739 2468
20500 5087 6277 2549
20600 4903 6143 2912
20700 4828 6306 2462
20800 4885 6216 2565
20900 5084 6247 2568
21000 6473 8368 2637
21100 4889 6320 2540
21200 4925 6395 2567
21300 4962 6497 2564
21400 5020 6539 2572
21500 5768 6531 2584
21600 5066 6692 2604
21700 5232 6694 2581
21800 5543 6719 2634
21900 5396 7212 2913
22000 5200 12945 3285
22100 7331 11684 2664
22200 5373 6919 2668
22300 6262 6870 2697
22400 5298 6774 2689
22500 5846 6837 2726
22600 5372 8677 3354
22700 5504 7251 2691
22800 5384 6983 2704
22900 5702 6997 2775
23000 5717 7365 2766
23100 5660 7083 2810
23200 5708 7195 2855
23300 5665 7217 2806
23400 5847 7102 2783
23500 5873 7195 2810
23600 5958 7193 2838
23700 5925 10049 2762
23800 5823 7779 2844
23900 6098 7402 2794
24000 6189 7355 2838
24100 6464 7441 2908
24200 6707 9971 3397
24300 6122 8106 2881
24400 6022 7519 3036
24500 7236 7768 2908
24600 6090 7683 2978
24700 6401 7659 2985
24800 6617 9922 2901
24900 6141 7629 3035
25000 6356 7664 3061
25100 6273 7743 3033
25200 9307 8021 2999
25300 6836 8116 2997
25400 6438 7867 3026
25500 6604 8020 2999
25600 6615 8133 2974
25700 6287 7997 3152
25800 6177 8011 3321
25900 6079 8413 3347
26000 5653 8032 3400
26100 5437 7996 3555
26200 5533 8101 3509
26300 5536 8603 3667
26400 5429 8021 3636
26500 6098 8205 3626
26600 5679 10399 3822
26700 5863 9163 3621
26800 5729 8260 3672
26900 5726 8223 3605
27000 5595 8390 3668
27100 5963 8310 3716
27200 5664 8341 3751
27300 6383 8378 3762
27400 5664 8495 3686
27500 5873 8459 3702
27600 5853 8562 3726
27700 5796 8501 3839
27800 8223 9162 4656
27900 6049 8662 5012
28000 7587 8787 4004
28100 6050 9299 3969
28200 6035 8696 3837
28300 5932 8815 3808
28400 5966 8775 3824
28500 6067 8971 3848
28600 6232 8943 3834
28700 6194 8912 3835
28800 6107 9241 3984
28900 6159 8935 3820
29000 6447 9032 4159
29100 6221 8997 4021
29200 6205 9059 3929
29300 8742 9534 3983
29400 6709 9876 3943
29500 6339 9326 3957
29600 6289 9038 3957
29700 6297 9119 3948
29800 6303 9153 5154
29900 7908 9233 4110
30000 7682 9656 3988
30100 6857 9597 4950
30200 6510 9389 4232
30300 6752 9362 4115
30400 6691 9568 4066
30500 9210 10130 4359
30600 7126 10081 4138
30700 6795 9853 4160
30800 7124 9968 4159
30900 6763 10912 4770
31000 8360 10921 4139
31100 6812 9543 4165
31200 6780 9600 4120
31300 6723 9665 4117
31400 6765 9668 4170
31500 6702 9714 4153
31600 7092 10008 4229
31700 9615 10161 4246
31800 6963 10068 4605
31900 6990 9937 4482
32000 7129 10066 4232
32100 7100 10098 4699
32200 7376 10185 4240
32300 7132 10062 4361
32400 7233 10130 4407
32500 7254 10691 4335
32600 7654 10725 4431
32700 7490 10758 4433
32800 7372 13382 4452
32900 7585 10518 4423
33000 7337 10291 4638
33100 7470 10420 4461
33200 7436 10645 4879
33300 7756 10809 4461
33400 7429 10464 4554
33500 7559 10833 4405
33600 7547 10747 4689
33700 7576 10545 4540
33800 7750 13273 4488
33900 8125 12004 4803
34000 8223 10806 4476
34100 7936 10910 6892
34200 8321 11071 4708
34300 8487 11122 4626
34400 8027 10845 4612
34500 7860 11226 4639
34600 7853 11143 4641
34700 8154 11000 4635
34800 8010 11138 4647
34900 7887 11234 5821
35000 7905 11243 4673
35100 7914 11209 4916
35200 8083 11188 4663
35300 8115 11346 4770
35400 8061 11125 4690
35500 8319 11306 4814
35600 8359 11205 4710
35700 8246 11286 4731
35800 8277 11352 4734
35900 8276 11445 5151
36000 11119 11265 4919
36100 8286 11463 4913
36200 9293 12612 5109
36300 8715 12449 4987
36400 9640 13019 5498
36500 8382 11843 4843
36600 8568 11500 4860
36700 8503 11740 4863
36800 8528 11578 4834
36900 8588 12097 4873
37000 11389 11687 4864
37100 8518 11895 4839
37200 8717 11937 4995
37300 9192 11654 4821
37400 8631 11681 4857
37500 8700 12244 4916
37600 8671 12837 5473
37700 8976 11713 5052
37800 9101 11963 4970
37900 9588 12324 6574
38000 9234 11939 5186
38100 8991 12426 5045
38200 9205 12518 5154
38300 9016 12166 4967
38400 9250 12106 5042
38500 9008 12333 5067
38600 12492 12307 5041
38700 9039 12267 5103
38800 9208 14059 5237
38900 10917 12358 5275
39000 9479 12485 5310
39100 9513 12956 5604
39200 9284 12395 10766
39300 9413 12512 5104
39400 9258 12941 5551
39500 9513 12743 5190
39600 9348 12657 5151
39700 9564 13483 5455
39800 11954 12555 5092
39900 9444 12699 5348
40000 9788 13595 5180
40100 13624 13479 5155
40200 9673 13950 5253
40300 9454 13144 5288
40400 9446 12758 5155
40500 9485 13155 5315
40600 10245 13054 6769
40700 10117 12998 5246
40800 9563 12856 5485
40900 10139 12917 5234
41000 9615 12938 6202
41100 12135 13533 5334
41200 9819 13025 5326
41300 9930 13318 5380
41400 10338 13664 5517
41500 10174 15857 5638
41600 10619 13277 5300
41700 9934 14245 5499
41800 10227 13328 5368
41900 10117 13529 5445
42000 10032 13481 5381
42100 10691 13943 5459
42200 10474 13764 5899
42300 11175 13470 5391
42400 10243 13415 5436
42500 10474 13901 5408
42600 10440 13964 5495
42700 10439 13736 5613
42800 10441 13699 5532
42900 10443 13773 5528
43000 10275 13700 5499
43100 10317 14534 5565
43200 10523 16427 6600
43300 10740 14337 5842
43400 10689 14332 5694
43500 10716 14134 5912
43600 10696 13923 5666
43700 11378 14209 5646
43800 10809 13958 5558
43900 11186 14788 5701
44000 10900 16048 5830
44100 11036 14267 5724
44200 11799 14438 5917
44300 11198 14245 5842
44400 10889 14294 5769
44500 11007 14582 6058
44600 11012 14251 5705
44700 11302 15140 5837
44800 11244 17051 5717
44900 11228 14875 6412
45000 11412 14773 6016
45100 11015 14719 6040
45200 11345 16081 6512
45300 11758 15081 5833
45400 11384 14742 5891
45500 11562 14530 5812
45600 12231 15835 5818
45700 11634 15082 5895
45800 11737 14982 5947
45900 11415 14699 5938
46000 11395 14838 5902
46100 11367 14844 5987
46200 12177 15346 6042
46300 11567 15213 5923
46400 14233 14983 5879
46500 11751 14939 5949
46600 12296 15221 6244
46700 11754 15024 5997
46800 11549 15085 5970
46900 12635 15272 6009
47000 12600 15239 6069
47100 12204 18419 6694
47200 12982 15544 6064
47300 12274 15356 6472
47400 12138 15665 6281
47500 12267 15749 6146
47600 12070 15573 6449
47700 12770 15494 6174
47800 12377 15663 7697
47900 12934 15808 6132
48000 12562 18691 6204
48100 12074 16255 6187
48200 12286 15911 9653
48300 12403 16085 6494
48400 13015 15979 6219
48500 12669 16245 8835
48600 13450 16351 6245
48700 13497 16049 6307
48800 13097 15895 6294
48900 12762 17980 7493
49000 12954 16341 6391
49100 13176 16141 6541
49200 12765 16106 8665
49300 13258 16201 6490
49400 12858 16273 6511
49500 13093 17061 6377
49600 13072 16534 6429
49700 12849 16602 6825
49800 13185 16300 6543
49900 12911 16524 9191
50000 13075 16326 6558
50100 13154 16482 6792
50200 13151 16983 6562
50300 13223 16625 6582
50400 13085 16771 6778
50500 13175 16709 6464
50600 13511 17419 9186
50700 16943 17074 6595
50800 13955 16815 6773
50900 14051 16888 6435
51000 13471 16917 6500
51100 13411 17312 6479
51200 13814 16882 6583
51300 13988 19154 6947
51400 13348 16994 6787
51500 13000 16853 7134
51600 13302 16838 7144
51700 12437 16963 7212
51800 12758 17210 7164
51900 12508 17563 7731
52000 14628 17166 7404
52100 11904 17271 7428
52200 11376 17218 7525
52300 11329 17109 10442
52400 13781 17556 7918
52500 11643 17033 7818
52600 11578 17307 7695
52700 13953 17212 7667
52800 11330 17090 8447
52900 11521 17739 7944
53000 11615 17417 7745
53100 11604 17641 8187
53200 11637 17445 7875
53300 12083 17333 9725
53400 11949 17651 7751
53500 11792 17454 7979
53600 11633 17677 7816
53700 12146 17530 7890
53800 11997 17934 7786
53900 11960 17991 8318
54000 11947 19820 9223
54100 13229 17776 8326
54200 12036 17893 7919
54300 12196 18060 7899
54400 12007 18103 8416
54500 11866 17871 7978
54600 12382 17945 7969
54700 14657 20020 7942
54800 12030 17936 8039
54900 12043 18283 8146
55000 11960 18551 8432
55100 12208 18346 8120
55200 12803 18321 8175
55300 12112 20503 8274
55400 12115 17987 8076
55500 12416 18537 8008
55600 12580 18298 8046
55700 16633 18737 8035
55800 12085 18136 8374
55900 12453 18233 10470
56000 12557 18274 8993
56100 12690 18455 8154
56200 12548 21748 8373
56300 12613 19149 8849
56400 12791 18854 8120
56500 12815 18431 8112
56600 15284 18520 8167
56700 12552 18773 8315
56800 12683 19026 8316
56900 12861 20626 9474
57000 13651 19187 8304
57100 12685 18535 8267
57200 12761 21904 9706
57300 13004 19169 8309
57400 12762 19238 8447
57500 13594 19127 8734
57600 13506 20297 8144
57700 12639 19182 8260
57800 12941 21116 8347
57900 13029 19212 8525
58000 12824 18945 8809
58100 13438 19002 9136
58200 13639 20070 8662
58300 13159 19010 8948
58400 12786 21774 8515
58500 13292 19351 8534
58600 13055 19229 8726
58700 13135 19479 8945
58800 18872 20245 8668
58900 13156 19270 8552
59000 13157 22167 9229
59100 13647 19280 8718
59200 13584 19873 8670
59300 13848 19244 8736
59400 13743 21533 8568
59500 13270 19622 8678
59600 13647 22154 8805
59700 13729 19988 8616
59800 13543 20091 8736
59900 13927 20057 8788
60000 14071 19901 8664
60100 13591 19895 8988
60200 13697 21550 10518
60300 16764 20073 8873
60400 13596 20446 9030
60500 14181 20271 9139
60600 13852 20306 8752
60700 13802 22217 8672
60800 14767 20275 8947
60900 13605 20023 9024
61000 14340 20534 9081
61100 14347 20989 8817
61200 14127 20062 8915
61300 14034 20074 11593
61400 14155 20188 8924
61500 14114 20640 8897
61600 14250 20791 9117
61700 14474 25379 9031
61800 14246 20357 8943
61900 14406 22530 8877
62000 14138 20652 8934
62100 14427 20586 9374
62200 15023 20994 9037
62300 14155 20440 9051
62400 14126 20610 8950
62500 17696 20776 9049
62600 14237 21149 9428
62700 14920 20787 9166
62800 15173 21043 9101
62900 14269 20797 9422
63000 14645 23941 8996
63100 14531 25635 9089
63200 14583 22219 9068
63300 14669 21036 9431
63400 14943 21187 9236
63500 14441 20950 9400
63600 16669 20956 14239
63700 14820 21013 9644
63800 16239 21826 9361
63900 15042 21158 9279
64000 14735 21180 9125
64100 15298 22540 9332
64200 30985 27434 10119
64300 15671 21739 9255
64400 15018 23690 11389
64500 15405 21806 10008
64600 16696 21541 9303
64700 15076 21560 9454
64800 15471 21565 9665
64900 15085 21435 9317
65000 15082 21493 9332
65100 15322 23819 9254
65200 14890 21465 9459
65300 15196 22326 9528
65400 15727 22093 9303
65500 15554 22001 9713
65600 15657 21962 9540
65700 17837 22020 9463
65800 19379 22992 10102
65900 15845 21881 9562
66000 15446 23400 9450
66100 19154 21770 10095
66200 17224 21752 9777
66300 15417 22582 10301
66400 16979 22460 9530
66500 15518 22127 9555
66600 15582 22161 9552
66700 15741 24764 9468
66800 15761 22233 10212
66900 16227 22709 9752
67000 15560 22091 9566
67100 19124 23754 9637
67200 15752 24689 9826
67300 15885 22376 10390
67400 16060 22723 9855
67500 15829 22308 9890
67600 15687 22451 9876
67700 15917 25162 9695
67800 15887 22451 10084
67900 16401 23130 11152
68000 15947 22701 9782
68100 16174 23340 9734
68200 15971 23156 12373
68300 16443 22570 11345
68400 21691 23124 10168
68500 16193 22791 9768
68600 16125 22979 9747
68700 16339 22929 11880
68800 16294 22999 10481
68900 17356 23763 9898
69000 16270 22986 9768
69100 16365 22960 9940
69200 16340 22878 12324
69300 16414 23335 10084
69400 17838 24418 10028
69500 16292 23132 9793
69600 16920 26171 12398
69700 17131 25577 9835
69800 16473 23560 10054
69900 17864 23358 9871
70000 16780 23208 10150
70100 16886 23291 9881
70200 16499 25581 9914
70300 16804 23916 10696
70400 17105 23561 9892
70500 16621 23758 10347
70600 17325 23549 10216
70700 16773 26178 10050
70800 16970 24169 10252
70900 19491 25497 10130
71000 17679 24158 12842
71100 17093 23683 9965
71200 17712 26341 10439
71300 18642 24812 10485
71400 17266 23907 10062
71500 16983 24375 10141
71600 17328 23925 10245
71700 19835 24151 10314
71800 17929 24261 10129
71900 17895 23948 10305
72000 17265 24450 10662
72100 17548 28584 12887
72200 17024 24747 10676
72300 17424 24122 10211
72400 17315 24184 10229
72500 17586 24653 10180
72600 17827 28439 10796
72700 17506 24969 10906
72800 17385 24423 10392
72900 18137 24468 10560
73000 17774 24402 10275
73100 17668 27288 10470
73200 17928 25046 10306
73300 22130 25475 10584
73400 17675 24367 10331
73500 17931 24753 12878
73600 20581 25427 11013
73700 18269 24794 10503
73800 17611 24857 10316
73900 17716 24634 10455
74000 18050 27125 10466
74100 18121 25726 10482
74200 18153 25140 10389
74300 18082 25247 10708
74400 18332 24722 14514
74500 19756 24669 10432
74600 17759 24536 11591
74700 20844 27835 11825
74800 21354 24852 10635
74900 18029 27831 10405
75000 17938 27185 10479
75100 17890 24890 12243
75200 18079 24783 12427
75300 18995 25766 12295
75400 21610 25678 11682
75500 19442 25001 10493
75600 20873 26975 10464
75700 17984 25018 10506
75800 18092 27482 10998
75900 19084 25432 10793
76000 18409 26176 10435
76100 18300 25206 10542
76200 18184 27692 10682
76300 20061 26124 10940
76400 19512 26361 11094
76500 18767 27585 10723
76600 18634 26408 10898
76700 19539 30907 12176
76800 18488 25684 11009
76900 19542 26219 10885
77000 20163 25883 10840
77100 18799 26251 12735
77200 19268 26720 11113
77300 19552 26928 10745
77400 19018 26194 10920
77500 19000 26193 11329
77600 20155 28340 10936
77700 19840 26121 11164
77800 19234 29026 12237
77900 19099 26174 10946
78000 19575 29114 11081
78100 19258 26423 11014
78200 19998 26225 11050
78300 19279 26167 11021
78400 19272 26653 11336
78500 21510 26467 11095
78600 19584 26786 11027
78700 20243 26818 11018
78800 19487 26665 11059
78900 20293 30359 13434
79000 20216 26652 11313
79100 19702 26808 11065
79200 19555 26606 11741
79300 20743 27660 11225
79400 19619 26988 11212
79500 20930 26887 11487
79600 19890 26682 11068
79700 19873 27257 12799
79800 19526 26895 11981
79900 19525 27440 11190
80000 19746 31732 11334
80100 20387 28144 11724
80200 22568 27151 11864
80300 20016 28497 11179
80400 19810 26949 11165
80500 20220 28569 11739
80600 21490 27093 11408
80700 20735 27938 11519
80800 20999 27442 11152
80900 19955 27497 11453
81000 21175 30014 11507
81100 26108 27274 11656
81200 20572 27412 11288
81300 20146 28552 11666
81400 20956 30510 11576
81500 20339 28615 11755
81600 20886 27758 11643
81700 20264 27787 11662
81800 20746 29399 11984
81900 20655 27870 11487
82000 20834 27490 11626
82100 20729 31225 12372
82200 20714 30613 11502
82300 20539 28296 11578
82400 20854 27975 11594
82500 20510 28049 11936
82600 21117 28112 12949
82700 21183 28398 11754
82800 21113 28327 12029
82900 21164 28128 11814
83000 21508 28600 12603
83100 21245 29970 14672
83200 22065 28163 11566
83300 20845 28679 11989
83400 21816 28247 11763
83500 23259 29782 11549
83600 21310 28965 11700
83700 21455 28597 11825
83800 21505 28556 11716
83900 22420 28669 12204
84000 21982 28384 11901
84100 24531 29226 16037
84200 24303 28672 12807
84300 22843 28962 11908
84400 21479 28710 11806
84500 21350 28795 12231
84600 21272 28599 11967
84700 23998 28602 13504
84800 25445 29654 11733
84900 22572 29457 11789
85000 21596 28927 14683
85100 21407 29121 16033
85200 22918 29676 11850
85300 22206 29092 12273
85400 22281 29171 14540
85500 21892 29132 11948
85600 22278 29153 12311
85700 22101 29415 11997
85800 21832 29753 13853
85900 21876 29172 12021
86000 22606 29349 12913
86100 23090 32327 13309
86200 21940 29322 11860
86300 21644 28977 12329
86400 22374 29028 12630
86500 22566 28957 11881
86600 21801 30714 12500
86700 22187 29229 12045
86800 21816 29166 13108
86900 24004 30088 12596
87000 22833 32184 12112
87100 22645 33244 12106
87200 22214 29420 12563
87300 23000 29866 12423
87400 22916 32656 12120
87500 22871 30000 12353
87600 23272 30430 12443
87700 21975 29819 11994
87800 23160 29688 12529
87900 22751 30562 13005
88000 23585 30180 12212
88100 25441 30329 12725
88200 24465 32146 12252
88300 22751 30308 13039
88400 22765 30162 12261
88500 23309 30875 13686
88600 23362 30581 12356
88700 22671 31150 12161
88800 22342 29862 12116
88900 23345 31460 12211
89000 23781 32083 12943
89100 22715 29928 12233
89200 22797 30000 12218
89300 24265 31389 12468
89400 23472 31016 12506
89500 23716 30290 12699
89600 23184 31249 13090
89700 27140 31634 13913
89800 22931 32064 12628
89900 23645 30616 12989
90000 23731 31458 14271
90100 23642 30778 12637
90200 22977 30627 13076
90300 23397 30907 12492
90400 22934 32174 12378
90500 23029 30455 12365
90600 23321 31840 12507
90700 23284 30589 12981
90800 24164 31692 12392
90900 23896 34003 12857
91000 24918 31204 12635
91100 24625 31555 12505
91200 23391 31334 12785
91300 24626 31448 14270
91400 23903 31514 12884
91500 24165 30980 12668
91600 23612 31783 12839
91700 24544 30877 12726
91800 23595 32580 13505
91900 24445 32903 12848
92000 23964 31785 12773
92100 24343 31611 12692
92200 24440 32063 12935
92300 23883 32192 13139
92400 24942 31519 13473
92500 24432 31784 12736
92600 23630 32460 13179
92700 24420 31800 14282
92800 24742 32220 12669
92900 24020 32679 12920
93000 26665 31824 12785
93100 23960 32008 12852
93200 24823 32005 12974
93300 24186 31640 13180
93400 24506 33678 13266
93500 24620 32069 13240
93600 24388 32007 15670
93700 24941 32249 12916
93800 25735 32100 13097
93900 24350 31721 13212
94000 26128 32975 14376
94100 28779 32921 13105
94200 24971 32464 13243
94300 25184 32463 13123
94400 24986 33360 12958
94500 25735 33988 13274
94600 25466 32849 13321
94700 26108 33024 13175
94800 27627 33664 13108
94900 25198 33342 13196
95000 25199 32843 13281
95100 25691 32658 15838
95200 25732 32755 13145
95300 25285 32337 13767
95400 26074 35745 14254
95500 26315 32999 13343
95600 25494 32920 13116
95700 25091 32535 13042
95800 24785 33088 13497
95900 25734 32432 13069
96000 25203 32559 12958
96100 26322 34270 14638
96200 25758 33261 13200
96300 29488 33533 13471
96400 26821 34068 13616
96500 25320 33641 13265
96600 26042 33324 13416
96700 26137 33887 13071
96800 25763 35404 13915
96900 26700 33633 13438
97000 25353 33117 13283
97100 25714 34812 13403
97200 28367 33639 13994
97300 26755 33738 13522
97400 26199 34539 13554
97500 26976 33952 13499
97600 26549 33737 13690
97700 25986 33738 13801
97800 26100 34005 14152
97900 28402 33839 13542
98000 30127 34396 14071
98100 26813 34023 13459
98200 29053 35718 13527
98300 27322 33997 13579
98400 26651 35396 13708
98500 27551 37805 13774
98600 26895 33897 13605
98700 26420 34117 13541
98800 27156 39316 16190
98900 27563 35077 14106
99000 26499 34299 13758
99100 26527 35179 13879
99200 30021 34148 13593
99300 26807 34102 13592
99400 27809 35032 13844
99500 27372 36512 13863
99600 26927 36870 15030
99700 26966 34331 14071
99800 27444 36101 14293
99900 26905 34766 13828
100000 26960 35034 13931
