500 83 122 83
600 100 154 102
700 126 182 116
800 154 226 163
900 188 259 160
1000 175 274 177
1100 190 286 182
1200 205 335 209
1300 227 353 218
1400 319 598 414
1500 534 791 548
1600 496 797 517
1700 562 815 477
1800 492 627 373
1900 380 567 363
2000 383 573 371
2100 368 594 362
2200 397 609 379
2300 394 680 406
2400 455 699 413
2500 414 698 449
2600 478 758 435
2700 494 783 485
2800 616 846 521
2900 567 902 582
3000 594 952 632
3100 631 992 652
3200 639 1092 893
3300 759 1137 663
3400 785 1323 1008
3500 961 1395 670
3600 676 1185 711
3700 737 1194 738
3800 758 1192 725
3900 766 1250 787
4000 787 1259 782
4100 800 1260 772
4200 803 1292 782
4300 794 1297 826
4400 802 1368 1521
4500 911 1428 880
4600 965 1503 893
4700 907 1578 906
4800 898 1819 1468
4900 943 1545 886
5000 902 1537 1325
5100 1928 2806 1525
5200 1566 1922 1300
5300 1018 1667 1034
5400 1149 2171 1028
5500 1077 1762 1120
5600 1216 1906 1368
5700 1596 1920 1156
5800 1207 1971 1210
5900 1253 2170 1198
6000 1280 2158 1397
6100 1403 2258 1457
6200 1295 2241 1460
6300 1697 2299 1484
6400 1301 2189 1364
6500 1342 2819 1359
6600 1468 2890 1658
6700 1465 2451 1471
6800 1578 2520 1437
6900 1421 2323 1407
7000 1444 2327 1416
7100 1485 2409 1750
7200 2272 2645 1582
7300 1636 2536 1615
7400 1506 3752 2291
7500 1542 2544 1507
7600 1555 2705 1571
7700 1536 2555 1549
7800 1538 2591 1619
7900 2450 3998 1761
8000 1969 2818 1609
8100 1727 2847 1719
8200 1828 2739 1632
8300 1717 2910 1847
8400 1936 3007 1646
8500 1748 3027 1758
8600 2707 3041 1802
8700 1756 2842 1702
8800 1720 3078 1754
8900 1904 3063 1822
9000 2111 2896 2226
9100 2640 2951 1992
9200 1764 4046 1932
9300 1955 3345 1797
9400 1901 3079 1819
9500 1801 3114 1738
9600 1872 3199 1850
9700 1949 3236 1957
9800 2006 3299 1888
9900 1954 3299 1852
10000 2059 3343 1897
10100 2104 3334 1971
10200 2127 3326 1941
10300 2047 3381 1988
10400 2095 3650 2216
10500 2153 3634 2115
10600 2249 3639 2089
10700 2195 3689 2102
10800 2278 3691 2120
10900 2272 3783 2211
11000 2253 3858 2237
11100 2309 3804 2288
11200 2373 3945 2263
11300 2402 3956 2708
11400 2394 5785 2840
11500 2733 4660 2447
11600 2569 4113 2473
11700 2573 4290 3295
11800 2912 4500 2585
11900 2609 4949 2695
12000 2710 4395 2763
12100 2815 6705 3011
12200 2689 4500 2786
12300 2802 4507 2709
12400 2749 4640 2790
12500 3058 4603 2778
12600 2907 4644 2796
12700 2828 4729 2878
12800 2926 4741 3097
12900 3083 4808 3121
13000 2792 5946 4105
13100 3016 5634 3433
13200 3220 5390 3075
13300 2901 5051 3009
13400 3213 5156 2967
13500 2924 5134 2976
13600 2984 5023 2968
13700 3051 5063 3082
13800 3078 5010 3073
13900 3066 5317 3089
14000 3027 5379 3193
14100 3394 5133 3302
14200 3194 5088 3113
14300 3164 5285 3176
14400 4684 5957 3136
14500 3145 5226 3150
14600 3195 5273 3311
14700 3172 5389 3276
14800 3195 5418 3094
14900 3247 5432 3202
15000 3213 5395 3369
15100 3278 5515 3656
15200 3996 5576 3226
15300 3320 5470 3182
15400 3199 5818 3605
15500 3283 5600 3439
15600 3337 5551 3555
15700 3385 5973 3480
15800 3445 5747 3347
15900 3470 6028 3438
16000 3467 5824 3810
16100 3566 5935 3730
16200 3634 6424 3505
16300 3486 5938 3588
16400 3419 8288 3900
16500 3486 5942 3511
16600 3533 6175 3458
16700 3617 5993 3520
16800 3624 6093 3580
16900 3694 6054 3579
17000 3832 6131 3644
17100 4157 6303 3781
17200 3677 6108 3559
17300 3698 6853 3465
17400 3671 6206 3508
17500 3660 6298 3631
17600 3810 6441 3576
17700 3769 6338 3824
17800 3881 6489 3632
17900 4426 6692 3903
18000 4406 6695 3689
18100 3975 6805 4805
18200 4191 7936 4168
18300 4637 6770 4004
18400 3985 6535 3838
18500 4062 7312 4522
18600 4298 6758 3951
18700 4868 6806 3737
18800 3866 7415 4000
18900 3958 6654 4026
19000 4002 6926 3866
19100 3945 6899 3797
19200 3940 6980 4506
19300 4008 6928 3921
19400 4006 7091 3983
19500 4123 7166 3948
19600 4167 7267 4364
19700 4120 7058 4070
19800 4170 7285 3992
19900 5162 8228 3973
20000 4060 7097 4089
20100 4241 7092 4042
20200 5496 8822 4082
20300 4315 7269 4453
20400 4349 7262 4084
20500 4180 7502 4040
20600 4143 7470 4174
20700 4285 8055 4295
20800 4400 7861 4177
20900 4700 7524 4306
21000 4553 7531 5306
21100 4475 8198 4732
21200 4613 7888 4537
21300 4459 7978 4477
21400 4558 11844 5039
21500 4629 7957 4553
21600 4706 8161 4646
21700 4700 7948 4673
21800 4726 8211 5309
21900 4839 8001 4658
22000 4740 8187 4982
22100 4812 9201 5494
22200 5970 8859 4790
22300 4984 8561 5157
22400 4940 8784 5870
22500 5115 8534 4917
22600 5539 8535 5083
22700 5236 8924 8904
22800 5645 9360 5451
22900 5782 8828 5245
23000 5257 8680 5247
23100 5130 9445 5347
23200 5301 8861 5280
23300 5889 8844 5344
23400 5377 9239 5699
23500 5641 8967 5380
23600 5607 9139 5888
23700 5605 9448 5511
23800 5578 9700 5560
23900 5637 9617 5785
24000 6028 12203 5793
24100 6030 9340 5613
24200 5496 9541 5708
24300 5769 9881 5793
24400 5732 9449 5813
24500 5719 9561 5809
24600 5876 9630 5820
24700 5908 11982 5795
24800 5601 10019 6138
24900 6038 9703 5797
25000 7066 9779 5943
25100 5843 10070 6105
25200 8575 10137 9071
25300 6219 10117 6149
25400 5992 10373 6018
25500 5932 9972 5907
25600 5963 9923 5823
25700 6111 10238 6022
25800 6085 9967 6147
25900 6276 10475 6309
26000 6082 10126 5990
26100 7007 10294 6091
26200 5968 10395 6171
26300 6796 10092 6141
26400 6100 10468 6268
26500 6219 10238 6232
26600 6460 10146 5915
26700 6106 10245 6104
26800 6099 10596 6685
26900 6412 10594 6123
27000 6875 11146 6662
27100 6173 10519 6182
27200 6680 10922 6159
27300 6973 10840 6569
27400 8498 10513 6287
27500 6147 10619 6783
27600 6439 11058 6437
27700 6449 11024 6257
27800 6394 10799 6345
27900 6342 11097 6641
28000 6360 13549 7327
28100 6889 10871 6574
28200 6376 11380 6363
28300 6670 11006 6473
28400 6767 13297 6372
28500 6845 10995 6469
28600 6590 11450 6308
28700 6461 11015 6718
28800 6524 11281 6363
28900 6373 11100 6661
29000 6528 12521 8752
29100 6577 10993 6596
29200 6749 11677 7026
29300 6877 11567 6613
29400 6593 13893 6553
29500 6604 11401 6696
29600 6714 11823 6741
29700 7001 11552 6688
29800 6852 11525 6817
29900 6875 11479 6864
30000 6788 12014 7238
30100 6802 11505 7089
30200 7224 11647 6868
30300 7092 11772 6843
30400 7342 13011 6802
30500 6763 11965 6814
30600 8087 12959 6993
30700 7084 11908 6832
30800 6851 11816 6959
30900 7079 11977 7317
31000 7492 11992 7001
31100 7029 11964 7037
31200 7189 11983 7481
31300 7114 11982 9626
31400 7177 12152 7019
31500 7137 12410 7013
31600 7371 11996 6987
31700 7625 12351 7116
31800 7131 12147 7256
31900 7922 13139 7306
32000 7190 12515 7458
32100 7144 12377 7416
32200 10255 13046 7512
32300 8735 12392 7264
32400 7389 12568 7250
32500 7357 12732 7325
32600 7267 12554 7241
32700 7279 12371 7708
32800 7508 12693 7253
32900 7330 12453 9699
33000 8951 13614 7230
33100 8150 12949 7347
33200 9699 12638 7323
33300 7556 12922 7207
33400 7928 12750 7277
33500 7926 12834 7486
33600 7508 12729 8055
33700 7730 13014 7455
33800 7511 13513 7535
33900 7672 12952 7478
34000 7878 13054 7693
34100 10024 12951 7501
34200 7848 12930 7515
34300 8333 13151 7650
34400 7474 12946 7588
34500 7632 13426 7620
34600 7736 13166 7828
34700 8758 13015 7435
34800 7801 13678 8065
34900 7807 16784 7870
35000 7632 14550 8322
35100 7581 13143 7710
35200 7705 16517 8906
35300 8288 13872 8587
35400 8031 13836 7858
35500 9295 15675 7601
35600 7915 13795 7660
35700 7647 13621 10828
35800 7961 13538 7984
35900 8932 13891 7572
36000 7718 13311 7636
36100 7826 13599 8582
36200 8668 14138 7892
36300 8106 13734 7766
36400 7816 13740 7807
36500 8002 13602 7966
36600 8049 15148 7894
36700 7852 14292 7903
36800 7858 13847 7797
36900 8170 13758 8142
37000 8478 14109 8281
37100 8198 13994 7929
37200 8118 14028 7846
37300 8039 13909 11051
37400 9127 14300 7974
37500 8055 14690 8574
37600 8060 14117 8338
37700 8269 14085 7930
37800 8720 14438 8511
37900 8288 14396 8821
38000 8424 14377 8301
38100 8189 14145 8386
38200 8432 16756 8159
38300 8276 14848 8216
38400 8404 14354 7914
38500 8335 14415 8276
38600 8776 14687 8283
38700 8727 14462 8382
38800 8598 14742 8295
38900 8310 14529 8230
39000 8493 17080 8151
39100 8979 14617 8317
39200 8649 14624 8341
39300 8483 14626 8808
39400 9288 17171 9351
39500 8568 14798 8411
39600 8962 15080 8476
39700 8476 14958 8391
39800 8530 17098 8405
39900 8529 14783 8826
40000 8642 14854 8308
40100 8795 15621 8389
40200 8739 15650 8250
40300 8565 15447 8689
40400 8850 15279 8299
40500 8678 15282 8372
40600 11223 15719 8755
40700 8666 14928 8843
40800 9220 15361 9014
40900 9186 15178 8228
41000 8774 15145 8424
41100 8791 15249 8782
41200 9836 15530 8847
41300 8679 15946 11529
41400 11187 15805 8666
41500 9369 15622 8947
41600 9398 16219 8965
41700 9457 16383 9412
41800 9159 15996 8941
41900 9121 16295 8953
42000 9206 16629 10443
42100 9616 15720 9349
42200 9333 16096 8941
42300 9714 16388 9211
42400 9546 16713 9004
42500 9574 16567 9134
42600 9543 16173 9364
42700 9306 16260 9620
42800 9928 16785 9331
42900 9906 16601 9191
43000 9515 16253 9290
43100 9676 16513 9295
43200 9494 19340 10129
43300 9552 16583 9555
43400 9537 17483 9586
43500 12540 16728 9691
43600 9870 16736 9810
43700 10247 18009 9846
43800 10048 16862 10117
43900 10364 17009 10122
44000 10133 16881 10176
44100 10078 18254 12762
44200 10362 17273 10003
44300 9908 17673 10782
44400 10068 17999 10696
44500 10577 17538 10212
44600 10253 17380 10289
44700 10605 17197 9810
44800 9940 18918 10004
44900 10428 19231 10381
45000 10275 17506 10613
45100 10383 18173 10400
45200 10699 17864 10303
45300 10594 17590 10488
45400 10322 17743 12996
45500 11011 17843 11163
45600 10452 18644 10475
45700 10668 18472 10447
45800 10746 18994 10676
45900 10512 18019 10524
46000 10665 18113 10546
46100 10880 20250 10615
46200 11805 19169 10587
46300 10753 18323 10703
46400 10751 18283 10772
46500 10709 19961 13553
46600 11813 19004 11419
46700 11023 19834 10890
46800 11507 19733 11868
46900 11113 20099 11672
47000 10950 20458 11178
47100 11235 18910 11333
47200 11336 19488 11852
47300 11182 21443 11175
47400 11832 19059 11639
47500 11461 20942 11614
47600 11837 19519 11206
47700 11276 19622 11568
47800 11524 19445 12298
47900 11293 19316 11414
48000 12304 19549 12932
48100 14261 19543 11803
48200 12118 19869 11696
48300 12071 19781 11816
48400 12118 19961 11966
48500 14510 19868 11667
48600 12382 20020 11921
48700 11798 20051 11944
48800 11829 19617 11977
48900 11975 20167 12316
49000 12364 20313 15190
49100 12329 19934 12146
49200 12013 20547 12015
49300 12148 20227 11971
49400 12291 20813 12307
49500 12038 25317 12708
49600 12095 22382 12151
49700 12053 20666 12278
49800 12024 21182 12550
49900 12455 20857 12772
50000 12422 23898 13309
50100 12413 26263 13517
50200 12034 20486 12332
50300 12553 21191 12388
50400 12436 20717 12232
50500 12899 20308 12748
50600 13751 20964 12454
50700 15308 21005 12423
50800 12310 21319 12798
50900 15054 21883 12531
51000 12381 21230 12180
51100 13026 20966 12530
51200 12388 22864 11898
51300 12569 21215 12423
51400 12658 21600 12506
51500 12552 21021 12622
51600 12415 22863 13870
51700 12495 21321 15597
51800 12915 21396 13603
51900 12709 21082 12929
52000 12987 21255 12678
52100 12505 21452 13426
52200 12258 21494 15359
52300 15498 21776 12544
52400 12702 21428 12918
52500 12686 22105 16184
52600 12652 21934 13234
52700 12631 21612 12582
52800 13446 23781 12708
52900 12914 21522 12851
53000 12567 21669 13058
53100 12759 22107 12762
53200 13176 21400 13155
53300 12975 23828 12997
53400 13298 21796 12696
53500 12684 21926 12832
53600 15075 25807 12821
53700 12846 21998 12663
53800 13211 22191 16667
53900 13083 21859 13258
54000 12752 23560 13458
54100 14227 22842 12859
54200 13936 22127 12844
54300 13413 22728 14375
54400 12889 22315 13487
54500 12983 22663 12979
54600 13014 22037 13629
54700 13382 22338 13037
54800 13460 23269 13439
54900 16542 25126 13136
55000 13057 22384 13075
55100 13231 22201 13437
55200 13268 22614 13318
55300 13790 22697 12971
55400 15737 23397 13591
55500 13104 22706 13259
55600 14144 22286 13154
55700 13833 22451 13573
55800 13557 23095 13311
55900 16355 22924 13980
56000 13302 23947 13088
56100 13270 22677 13391
56200 14812 25934 13403
56300 14636 22612 14732
56400 14390 23182 13548
56500 13561 22851 13241
56600 13482 22789 13368
56700 13422 23822 13584
56800 14057 22812 16311
56900 13297 22904 13488
57000 13724 22972 13489
57100 13507 22896 13805
57200 13615 23106 14561
57300 13529 23014 16183
57400 13735 23087 17126
57500 16484 23642 16337
57600 13605 23426 13377
57700 13453 23686 13687
57800 13811 23299 15742
57900 13439 23383 13918
58000 13482 23554 13375
58100 13782 24043 13877
58200 13760 24118 13661
58300 13863 26476 13792
58400 13680 23675 13782
58500 13805 23537 13654
58600 13624 23723 13673
58700 14207 28536 15818
58800 13899 26307 13880
58900 13746 23689 13789
59000 13938 23816 13830
59100 14237 24764 14809
59200 14258 24231 14356
59300 16748 24011 13922
59400 13992 29719 13967
59500 14709 24066 14093
59600 14513 24988 14445
59700 14145 24146 16092
59800 13968 24281 17457
59900 14165 28076 14255
60000 14704 24170 14742
60100 14004 24133 14320
60200 14185 26908 14840
60300 14481 24784 14117
60400 14276 24728 14918
60500 14702 25104 14148
60600 14333 24923 14346
60700 17459 24813 14374
60800 15152 24229 14144
60900 14516 24931 14349
61000 14796 25078 14334
61100 14709 30731 15480
61200 15087 24601 14222
61300 14419 24508 14811
61400 14900 25308 14223
61500 14446 24951 14288
61600 14901 27380 14566
61700 14469 24632 14579
61800 14482 25014 14724
61900 15665 25197 14839
62000 14637 25158 16981
62100 14712 25137 14954
62200 18424 24810 14893
62300 19522 26495 14735
62400 14764 26147 14940
62500 14700 27987 14539
62600 15011 25064 14675
62700 15822 25373 15331
62800 15073 26522 15676
62900 15076 25393 17421
63000 15016 25269 14835
63100 14839 26818 14606
63200 15498 25430 15052
63300 15404 25763 15029
63400 14923 32818 15666
63500 15084 25610 15348
63600 15073 25832 14975
63700 14982 26185 15246
63800 15273 28317 15001
63900 15026 25685 15297
64000 15262 25768 15931
64100 15188 25658 14901
64200 15405 26248 14840
64300 18090 25749 14931
64400 15806 26341 14932
64500 15576 25790 18887
64600 16977 26292 15244
64700 15114 28317 14694
64800 14951 25893 16885
64900 15641 26790 15103
65000 15169 26340 15090
65100 15409 26422 16893
65200 14968 27624 15061
65300 15246 26243 15787
65400 15458 26156 15935
65500 15996 26055 15210
65600 15430 28110 15095
65700 20295 27989 15073
65800 16133 26370 14846
65900 15410 26535 16195
66000 15314 29229 15392
66100 15635 26240 15840
66200 16163 26562 15664
66300 15388 26614 15637
66400 15761 26314 18397
66500 15690 29583 15617
66600 15506 26950 15178
66700 15590 26884 15765
66800 20546 27956 15339
66900 17050 26560 15943
67000 15636 27565 15888
67100 15580 27145 15265
67200 16232 27070 15288
67300 15849 29316 15723
67400 16068 26735 16039
67500 15815 26917 15621
67600 16000 27467 15752
67700 16109 26787 17320
67800 15758 27507 16412
67900 20000 27152 15431
68000 16183 27600 15509
68100 15519 27071 18491
68200 15660 27580 16593
68300 16941 27079 15605
68400 15604 27424 16198
68500 15877 27224 15483
68600 19148 26999 16375
68700 16384 27060 15630
68800 15981 27243 16296
68900 16204 27848 20244
69000 16606 29103 15768
69100 16939 27754 15653
69200 15899 27608 16431
69300 16336 27832 15744
69400 15935 29584 15697
69500 16004 28250 15826
69600 16404 27382 16446
69700 16303 27302 16380
69800 16068 29693 15693
69900 16241 27598 16043
70000 16030 32247 16181
70100 16959 27669 15839
70200 16286 30764 16759
70300 16640 29348 15972
70400 16186 28126 16198
70500 16645 28002 15787
70600 16549 28278 21201
70700 16133 28553 15984
70800 16209 28215 16314
70900 16539 28184 16039
71000 16528 28192 22628
71100 17474 29140 16050
71200 16255 28690 16455
71300 17759 28194 16272
71400 16302 28136 16361
71500 18998 29588 16827
71600 16528 28785 16906
71700 16702 28505 16463
71800 16322 28570 16194
71900 18831 28864 16143
72000 16456 28251 16775
72100 20464 30153 16517
72200 16316 28737 16569
72300 19627 28770 16133
72400 16455 28188 16616
72500 16854 28714 16971
72600 16907 28817 16229
72700 19917 29240 16601
72800 16719 28313 16439
72900 16888 30051 16350
73000 16444 28985 17021
73100 19343 33123 16575
73200 16947 28826 16979
73300 16823 29129 16403
73400 16671 29099 16512
73500 20169 28853 16423
73600 17004 28937 16977
73700 16974 29591 16551
73800 17036 28903 16538
73900 19188 29091 16368
74000 16841 29373 16887
74100 17093 31740 19665
74200 17247 29251 18882
74300 16739 29229 17014
74400 17055 29561 16609
74500 17976 31102 16763
74600 17294 31865 18430
74700 16869 30471 16543
74800 16968 30095 16856
74900 18400 30429 18342
75000 17451 31619 18554
75100 17751 33073 19076
75200 17992 29580 17578
75300 16993 30263 17393
75400 18127 32530 16590
75500 17330 29932 17363
75600 17731 30791 16627
75700 17800 30378 17651
75800 18091 31790 16698
75900 17606 30891 17009
76000 20152 37897 16801
76100 19484 31818 19568
76200 16971 33643 16472
76300 17168 31860 16897
76400 18312 30515 16951
76500 17290 31497 19788
76600 17470 30186 17381
76700 17664 30907 17550
76800 17229 30764 17118
76900 18075 30930 17390
77000 17171 29819 16765
77100 19610 30257 17563
77200 17443 30586 18878
77300 17551 31613 16767
77400 17270 30777 17011
77500 17463 30727 16721
77600 17892 30359 16590
77700 17264 33197 16706
77800 17390 30653 17202
77900 17744 30884 16685
78000 17536 31366 19344
78100 19338 31009 17490
78200 17761 30981 17513
78300 18504 30938 20490
78400 17929 30265 19933
78500 17836 30498 17078
78600 17584 30404 17268
78700 17905 31566 18897
78800 17578 31623 17073
78900 18556 30907 17347
79000 20162 35509 17794
79100 18390 32578 18315
79200 17654 33146 19599
79300 17925 31421 17394
79400 18516 31007 17455
79500 17964 30751 18732
79600 18627 32123 20690
79700 23179 37747 19601
79800 22275 32766 17655
79900 18165 35474 18051
80000 18064 35139 17681
80100 18997 31143 18487
80200 19143 31982 17877
80300 19419 32214 18396
80400 18384 30951 17287
80500 18081 32551 17420
80600 18514 31541 19403
80700 18266 32002 17828
80800 17822 32267 23869
80900 20458 32178 18360
81000 17976 32857 17504
81100 18708 31357 17978
81200 18873 31964 18476
81300 19023 31992 17860
81400 19645 32669 17923
81500 18911 32615 17610
81600 18018 31881 17978
81700 18464 32988 18416
81800 19514 32685 18259
81900 18540 31614 18154
82000 18180 32551 17879
82100 18870 33445 17825
82200 18413 32835 17581
82300 19379 33304 17666
82400 19473 32457 18254
82500 19873 33062 18121
82600 18810 32105 18743
82700 19568 35712 18439
82800 18982 33600 18531
82900 19011 33034 18313
83000 19201 33864 18081
83100 19014 33221 19214
83200 19356 33423 18614
83300 19190 33278 19150
83400 19669 33559 18684
83500 19134 34509 20585
83600 19661 36258 18486
83700 19008 33008 18354
83800 19991 34049 22049
83900 20289 34210 18511
84000 20168 34439 22030
84100 19357 33894 20218
84200 19379 36402 19108
84300 19039 33376 19713
84400 22127 34033 18907
84500 22354 34711 21669
84600 19243 33539 19736
84700 19881 35097 18833
84800 19134 33496 19381
84900 26082 34223 19509
85000 20017 34646 21960
85100 19864 34013 19344
85200 19571 35807 19496
85300 20242 35421 24323
85400 22888 34501 19623
85500 20582 34694 20194
85600 20274 34665 19232
85700 21100 37087 20020
85800 19942 35297 20940
85900 21956 34792 21907
86000 20179 36411 20871
86100 20093 35189 19903
86200 24383 36408 20108
86300 20586 34615 22687
86400 20871 34304 19527
86500 20235 39806 19654
86600 20891 35266 22901
86700 22491 75978 28625
86800 22872 35313 20695
86900 20958 37856 24536
87000 21155 34872 19636
87100 20364 39114 20461
87200 20838 34888 19951
87300 20331 36183 20614
87400 21197 36934 20545
87500 21498 36636 20789
87600 21940 36592 20935
87700 20339 35283 22129
87800 24674 35837 21064
87900 21544 35828 20786
88000 20694 35534 20506
88100 21033 36350 21286
88200 21016 38759 20491
88300 21629 35597 20538
88400 23013 36537 21927
88500 21215 38170 21050
88600 23806 38514 21582
88700 20698 36946 21848
88800 22229 37144 22576
88900 21647 35724 20908
89000 21571 36817 21448
89100 21675 37133 22270
89200 22152 37008 20848
89300 21223 36811 21034
89400 25010 38747 21429
89500 21697 37578 21956
89600 24200 36606 21116
89700 21469 37044 21631
89800 21861 36885 21846
89900 21949 40318 24267
90000 22340 37540 32182
90100 22135 36640 24287
90200 21987 37198 24582
90300 23503 37279 22817
90400 22514 37316 21499
90500 21677 37347 22498
90600 22521 38421 22993
90700 22573 38154 21762
90800 21985 37223 24714
90900 21810 38942 25586
91000 22700 38294 21937
91100 22667 37850 23623
91200 22758 37938 22409
91300 26132 38151 22021
91400 22594 38660 24562
91500 22441 38318 26199
91600 25240 38041 22029
91700 22985 42642 24904
91800 23597 39763 23541
91900 22874 38187 23842
92000 23491 40631 23014
92100 22161 38668 22046
92200 24116 39310 23206
92300 23813 40058 23270
92400 22375 40231 24887
92500 23060 40270 22223
92600 24289 39465 22518
92700 22442 41307 22809
92800 22293 38875 23542
92900 23733 43185 22448
93000 23049 40541 23693
93100 23847 43604 23674
93200 24169 42527 26055
93300 24149 40820 23722
93400 23295 39464 24173
93500 24013 42117 24166
93600 24477 39205 22900
93700 23368 39886 25044
93800 24618 39860 23886
93900 23833 44282 27192
94000 24542 46915 27199
94100 23748 39336 22980
94200 24398 39844 25129
94300 25010 41704 24622
94400 23472 39312 23233
94500 23285 39283 25553
94600 23149 40040 24895
94700 23727 39644 23455
94800 25512 39439 24806
94900 24452 42496 23267
95000 25434 39626 24935
95100 23428 39803 23708
95200 23570 40482 23413
95300 23385 39733 23805
95400 24167 43336 23647
95500 24252 40152 23439
95600 23596 44362 24021
95700 23822 42623 24791
95800 24107 42069 24090
95900 25295 41117 25302
96000 27456 44160 25628
96100 24261 45936 24798
96200 24259 41504 24550
96300 24068 43912 25576
96400 28321 41346 24650
96500 24635 41358 24346
96600 27336 40868 26145
96700 24008 41534 36436
96800 33011 51158 28403
96900 24913 43294 27093
97000 24897 41573 24601
97100 28103 42491 24660
97200 24557 41665 24568
97300 25888 42525 27368
97400 24216 41422 24807
97500 29659 48355 27753
97600 28105 48802 32100
97700 30136 50191 31421
97800 29150 50522 32271
97900 35427 46449 25638
98000 25249 42308 25038
98100 30938 42247 25344
98200 24725 42444 25269
98300 25260 42027 28653
98400 24526 42697 25374
98500 25356 42900 25811
98600 25697 43738 25276
98700 24933 42708 26447
98800 34611 44371 26800
98900 27935 42203 25651
99000 25103 43623 25493
99100 25066 43565 26396
99200 25615 43066 25801
99300 25351 42658 25288
99400 25365 44996 31602
99500 26078 43095 25271
99600 25511 49892 32947
99700 30966 51932 31897
99800 30024 43172 25526
99900 26308 44680 25370
100000 25846 42804 25688
