100 0.68055
600 1.15045
1100 0.892669
1600 0.953985
2100 0.888881
2600 0.867514
3100 1.05062
3600 0.834483
4100 0.972214
4600 0.851744
5100 0.909306
5600 0.940964
6100 0.97062
6600 0.947172
7100 0.914702
7600 0.955584
8100 0.979415
8600 0.955256
9100 0.864309
9600 0.926641
10100 0.949111
10600 0.980468
11100 0.959076
11600 0.926117
12100 0.951323
12600 0.935177
13100 0.944012
13600 0.922173
14100 0.929464
14600 0.927598
15100 0.942596
15600 0.937937
16100 0.905789
16600 0.948201
17100 0.947198
17600 0.93686
18100 0.93354
18600 0.933534
19100 0.911132
19600 0.939972
20100 0.926747
20600 0.963719
21100 0.924755
21600 0.925853
22100 0.933501
22600 0.935648
23100 0.987365
23600 0.927311
24100 0.951236
24600 0.931507
25100 0.946262
25600 0.939553
26100 0.959549
26600 0.952842
27100 0.931675
27600 0.959533
28100 0.978095
28600 0.945019
29100 0.943816
29600 0.954477
30100 0.965754
30600 0.92678
31100 0.956271
31600 0.938371
32100 0.935263
32600 0.912569
33100 0.927568
33600 0.931126
34100 0.938001
34600 0.956759
35100 0.942853
35600 0.936438
36100 0.936934
36600 0.949635
37100 0.974048
37600 0.967042
38100 0.923475
38600 0.938967
39100 0.947846
39600 0.94128
40100 0.935362
40600 0.950183
41100 0.955892
41600 0.958191
42100 0.947966
42600 0.945056
43100 0.956875
43600 0.945455
44100 0.918422
44600 0.936246
45100 0.961651
45600 0.961767
46100 0.934675
46600 0.934243
47100 0.932995
47600 0.975686
48100 0.950789
48600 0.951009
49100 0.941523
49600 0.937128
50100 0.935149
50600 0.938013
51100 0.946148
51600 0.946401
52100 0.92351
52600 0.957797
53100 0.939623
53600 0.95208
54100 0.941663
54600 0.955832
55100 0.915575
55600 0.955602
56100 0.922303
56600 0.930817
57100 0.938331
57600 0.949259
58100 0.94544
58600 0.945669
59100 0.947374
59600 0.936
60100 0.926434
60600 0.949593
61100 0.926706
61600 0.925181
62100 0.941842
62600 0.947365
63100 0.927378
63600 0.938736
64100 0.947188
64600 0.937449
65100 0.969973
65600 0.948056
66100 0.934119
66600 0.938931
67100 0.932659
67600 0.943881
68100 0.930099
68600 0.95379
69100 0.950265
69600 0.953077
70100 0.941425
70600 0.94357
71100 0.94596
71600 0.95171
72100 0.943492
72600 0.959626
73100 0.957451
73600 0.946323
74100 0.937445
74600 0.955011
75100 0.938426
75600 0.945722
76100 0.938614
76600 0.947083
77100 0.945103
77600 0.943774
78100 0.94047
78600 0.945373
79100 0.948123
79600 0.919084
80100 0.936651
80600 0.944953
81100 0.951834
81600 0.970069
82100 0.939767
82600 0.950203
83100 0.950453
83600 0.949536
84100 0.936608
84600 0.956585
85100 0.951764
85600 0.958357
86100 0.952905
86600 0.943923
87100 0.931249
87600 0.943247
88100 0.944846
88600 0.936661
89100 0.941552
89600 0.94487
90100 0.943403
90600 0.940987
91100 0.946921
91600 0.95088
92100 0.953318
92600 0.932737
93100 0.941303
93600 0.937521
94100 0.938016
94600 0.960189
95100 0.959639
95600 0.944146
96100 0.94156
96600 0.937794
97100 0.946281
97600 0.964643
98100 0.950113
98600 0.951014
99100 0.945235
99600 0.937757
