100 0.9802
600 1.01963
1100 0.955618
1600 0.9802
2100 0.93111
2600 0.92495
3100 0.922958
3600 0.952503
4100 0.942278
4600 0.963667
5100 0.930825
5600 0.925275
6100 0.964408
6600 0.928476
7100 0.939735
7600 0.948179
8100 0.940558
8600 0.926356
9100 0.943614
9600 0.950097
10100 0.955603
10600 0.950545
11100 0.929805
11600 0.935619
12100 0.95492
12600 0.942108
13100 0.938918
13600 0.945282
14100 0.953951
14600 0.937834
15100 0.956249
15600 0.9425
16100 0.952383
16600 0.937645
17100 0.938098
17600 0.95341
18100 0.936876
18600 0.948944
19100 0.946577
19600 0.952781
20100 0.954892
20600 0.944841
21100 0.939752
21600 0.958919
22100 0.939747
22600 0.942586
23100 0.94084
23600 0.943392
24100 0.9518
24600 0.957529
25100 0.946871
25600 0.92752
26100 0.944134
26600 0.942906
27100 0.946462
27600 0.944257
28100 0.947603
28600 0.935882
29100 0.941754
29600 0.938635
30100 0.943144
30600 0.94629
31100 0.948139
31600 0.94394
32100 0.945874
32600 0.951273
33100 0.943081
33600 0.944086
34100 0.953091
34600 0.947475
35100 0.940959
35600 0.948679
36100 0.938863
36600 0.947231
37100 0.941663
37600 0.944287
38100 0.949328
38600 0.940446
39100 0.940133
39600 0.948363
40100 0.938814
40600 0.943486
41100 0.943069
41600 0.944816
42100 0.936766
42600 0.949732
43100 0.950203
43600 0.941671
44100 0.944867
44600 0.933365
45100 0.952246
45600 0.939136
46100 0.950543
46600 0.942447
47100 0.94762
47600 0.94253
48100 0.943519
48600 0.943618
49100 0.942338
49600 0.949467
50100 0.945354
50600 0.942325
51100 0.945871
51600 0.9483
52100 0.948152
52600 0.945822
53100 0.945891
53600 0.945738
54100 0.938747
54600 0.945255
55100 0.949559
55600 0.945853
56100 0.944713
56600 0.949087
57100 0.947673
57600 0.943085
58100 0.946604
58600 0.940084
59100 0.947801
59600 0.945096
60100 0.947328
60600 0.94442
61100 0.94463
61600 0.942394
62100 0.942699
62600 0.949343
63100 0.941847
63600 0.94066
64100 0.946875
64600 0.940095
65100 0.944167
65600 0.943515
66100 0.939548
66600 0.94267
67100 0.946954
67600 0.9411
68100 0.948336
68600 0.944429
69100 0.944125
69600 0.94453
70100 0.945243
70600 0.947812
71100 0.941717
71600 0.939319
72100 0.945767
72600 0.946237
73100 0.943672
73600 0.945573
74100 0.945784
74600 0.944384
75100 0.94379
75600 0.94479
76100 0.941314
76600 0.944503
77100 0.945063
77600 0.942023
78100 0.941921
78600 0.944443
79100 0.94249
79600 0.944234
80100 0.945851
80600 0.951055
81100 0.941836
81600 0.942879
82100 0.947512
82600 0.94464
83100 0.943126
83600 0.949816
84100 0.946219
84600 0.949716
85100 0.944057
85600 0.941622
86100 0.947401
86600 0.948644
87100 0.94446
87600 0.941423
88100 0.94734
88600 0.949032
89100 0.939742
89600 0.945023
90100 0.947357
90600 0.940021
91100 0.943321
91600 0.943577
92100 0.940473
92600 0.942038
93100 0.943605
93600 0.945949
94100 0.944478
94600 0.946471
95100 0.946151
95600 0.944226
96100 0.939542
96600 0.946155
97100 0.947914
97600 0.948582
98100 0.947933
98600 0.943658
99100 0.940772
99600 0.942633
