100 0.263968
600 0.205936
1100 0.0518483
1600 0.0094674
2100 0.0556362
2600 0.0770035
3100 0.106101
3600 0.110034
4100 0.0276964
4600 0.0927735
5100 0.0352115
5600 0.00355331
6100 0.0261026
6600 0.00265454
7100 0.0298148
7600 0.0110664
8100 0.034898
8600 0.0107392
9100 0.0802086
9600 0.0178761
10100 0.0045943
10600 0.0359511
11100 0.0145584
11600 0.0183999
12100 0.00680587
12600 0.0093403
13100 0.000505206
13600 0.022344
14100 0.0150534
14600 0.0169189
15100 0.00192069
15600 0.00658035
16100 0.0387281
16600 0.00368391
17100 0.00268039
17600 0.00765681
18100 0.0109773
18600 0.0109831
19100 0.0333851
19600 0.00454537
20100 0.0177703
20600 0.0192013
21100 0.0197624
21600 0.0186638
22100 0.0110162
22600 0.00886915
23100 0.0428478
23600 0.0172067
24100 0.00671919
24600 0.0130101
25100 0.00174489
25600 0.00496389
26100 0.0150316
26600 0.00832524
27100 0.0128424
27600 0.0150154
28100 0.0335781
28600 0.000501624
29100 0.000701582
29600 0.00996008
30100 0.0212365
30600 0.0177371
31100 0.0117534
31600 0.00614647
32100 0.00925376
32600 0.0319486
33100 0.016949
33600 0.0133912
34100 0.00651639
34600 0.0122421
35100 0.00166389
35600 0.00807887
36100 0.00758336
36600 0.00511768
37100 0.0295308
37600 0.0225251
38100 0.0210419
38600 0.00555027
39100 0.00332891
39600 0.00323766
40100 0.00915558
40600 0.00566595
41100 0.0113746
41600 0.0136741
42100 0.0034488
42600 0.00053833
43100 0.0123575
43600 0.000938237
44100 0.026095
44600 0.00827113
45100 0.0171336
45600 0.0172494
46100 0.00984242
46600 0.0102742
47100 0.0115224
47600 0.0311686
48100 0.00627133
48600 0.00649175
49100 0.00299465
49600 0.00738952
50100 0.00936802
50600 0.00650399
51100 0.00163119
51600 0.00188376
52100 0.0210076
52600 0.0132796
53100 0.0048938
53600 0.00756288
54100 0.00285374
54600 0.0113148
55100 0.0289425
55600 0.0110848
56100 0.022214
56600 0.0137
57100 0.00618634
57600 0.00474137
58100 0.000922885
58600 0.00115133
59100 0.00285643
59600 0.00851692
60100 0.0180834
60600 0.0050756
61100 0.0178115
61600 0.019336
62100 0.00267548
62600 0.0028475
63100 0.0171394
63600 0.00578076
64100 0.00267063
64600 0.0070685
65100 0.0254563
65600 0.00353927
66100 0.0103979
66600 0.00558658
67100 0.0118586
67600 0.000635851
68100 0.0144186
68600 0.00927254
69100 0.00574774
69600 0.00855945
70100 0.00309267
70600 0.00094671
71100 0.00144254
71600 0.00719302
72100 0.00102502
72600 0.0151085
73100 0.0129337
73600 0.00180594
74100 0.00707236
74600 0.0104937
75100 0.00609157
75600 0.00120488
76100 0.00590309
76600 0.00256608
77100 0.000585395
77600 0.000743344
78100 0.0040468
78600 0.000855398
79100 0.00360616
79600 0.0254334
80100 0.00786646
80600 0.00043583
81100 0.00731709
81600 0.0255518
82100 0.00475018
82600 0.00568625
83100 0.00593567
83600 0.00501918
84100 0.00790903
84600 0.0120674
85100 0.00724679
85600 0.0138401
86100 0.00838764
86600 0.000594332
87100 0.0132683
87600 0.00127023
88100 0.000328762
88600 0.00785632
89100 0.00296487
89600 0.000352902
90100 0.00111392
90600 0.00353032
91100 0.00240392
91600 0.0063629
92100 0.00880105
92600 0.0117801
93100 0.00321393
93600 0.00699583
94100 0.00650154
94600 0.0156722
95100 0.015122
95600 0.000371682
96100 0.00295715
96600 0.00672357
97100 0.00176404
97600 0.0201259
98100 0.00559614
98600 0.00649703
99100 0.000717728
99600 0.00676056
