100 0.0356828
600 0.0751161
1100 0.011101
1600 0.0356828
2100 0.0134077
2600 0.0195672
3100 0.0215591
3600 0.00798559
4100 0.00223914
4600 0.0191502
5100 0.0136917
5600 0.0192422
6100 0.019891
6600 0.0160414
7100 0.00478197
7600 0.00366176
8100 0.00395916
8600 0.0181614
9100 0.0009029
9600 0.00557969
10100 0.0110858
10600 0.0060281
11100 0.0147127
11600 0.00889822
12100 0.0104026
12600 0.00240925
13100 0.00559963
13600 0.000764432
14100 0.00943388
14600 0.00668294
15100 0.0117318
15600 0.00201719
16100 0.00786604
16600 0.00687261
17100 0.00641894
17600 0.00889247
18100 0.00764094
18600 0.0044269
19100 0.00205978
19600 0.00826343
20100 0.0103749
20600 0.000324076
21100 0.00476505
21600 0.0144013
22100 0.00477013
22600 0.0019309
23100 0.00367736
23600 0.00112481
24100 0.0072824
24600 0.0130121
25100 0.00235413
25600 0.0169977
26100 0.000383469
26600 0.00161155
27100 0.00194518
27600 0.000260302
28100 0.00308566
28600 0.00863537
29100 0.00276323
29600 0.00588205
30100 0.00137366
30600 0.00177236
31100 0.00362172
31600 0.000577312
32100 0.00135633
32600 0.00675582
33100 0.00143592
33600 0.000430876
34100 0.00857343
34600 0.00295738
35100 0.00355793
35600 0.00416147
36100 0.00565431
36600 0.00271396
37100 0.00285465
37600 0.000229686
38100 0.00481037
38600 0.00407159
39100 0.00438445
39600 0.00384595
40100 0.00570322
40600 0.00103098
41100 0.00144784
41600 0.000298439
42100 0.00775139
42600 0.00521521
43100 0.00568629
43600 0.00284608
44100 0.000349934
44600 0.0111522
45100 0.00772849
45600 0.00538122
46100 0.00602533
46600 0.00207019
47100 0.00310277
47600 0.00198714
48100 0.000998267
48600 0.000899079
49100 0.00217869
49600 0.00494935
50100 0.000837106
50600 0.00219189
51100 0.00135366
51600 0.00378243
52100 0.00363445
52600 0.00130449
53100 0.00137359
53600 0.00122069
54100 0.00577061
54600 0.000737576
55100 0.00504198
55600 0.00133569
56100 0.000195827
56600 0.00457009
57100 0.00315549
57600 0.00143264
58100 0.00208643
58600 0.00443306
59100 0.003284
59600 0.000578452
60100 0.00281077
60600 9.72189e-05
61100 0.000112601
61600 0.00212271
62100 0.00181831
62600 0.00482547
63100 0.00267028
63600 0.00385681
64100 0.00235739
64600 0.00442198
65100 0.000349751
65600 0.00100255
66100 0.00496923
66600 0.00184737
67100 0.00243691
67600 0.00341719
68100 0.0038185
68600 8.80314e-05
69100 0.000391716
69600 1.31302e-05
70100 0.00072561
70600 0.00329514
71100 0.00279975
71600 0.00519819
72100 0.00124994
72600 0.00171987
73100 0.00084523
73600 0.00105618
74100 0.00126702
74600 0.000133406
75100 0.000727572
75600 0.00027329
76100 0.00320273
76600 1.45749e-05
77100 0.000545719
77600 0.00249463
78100 0.00259644
78600 7.38017e-05
79100 0.00202705
79600 0.000282764
80100 0.00133425
80600 0.00653765
81100 0.00268081
81600 0.00163802
82100 0.00299439
82600 0.00012325
83100 0.00139143
83600 0.0052992
84100 0.00170196
84600 0.00519889
85100 0.000460547
85600 0.00289499
86100 0.00288386
86600 0.00412704
87100 5.74844e-05
87600 0.00309458
88100 0.00282277
88600 0.00451509
89100 0.00477476
89600 0.000505917
90100 0.00283942
90600 0.00449666
91100 0.00119666
91600 0.000940002
92100 0.00404411
92600 0.00247906
93100 0.000912675
93600 0.00143143
94100 3.8865e-05
94600 0.00195427
95100 0.00163402
95600 0.000291558
96100 0.00497567
96600 0.00163789
97100 0.00339703
97600 0.00406458
98100 0.00341605
98600 0.000859579
99100 0.00374483
99600 0.00188405
