500.0 78.0 58.0
600.0 121.0 112.0
700.0 123.0 117.0
800.0 272.0 99.0
900.0 324.0 129.0
1000.0 437.0 155.0
1100.0 425.0 155.0
1200.0 409.0 166.0
1300.0 433.0 200.0
1400.0 472.0 202.0
1500.0 457.0 210.0
1600.0 479.0 272.0
1700.0 1331.0 263.0
1800.0 503.0 270.0
1900.0 498.0 299.0
2000.0 462.0 372.0
2100.0 550.0 346.0
2200.0 571.0 355.0
2300.0 604.0 347.0
2400.0 510.0 357.0
2500.0 695.0 390.0
2600.0 659.0 401.0
2700.0 761.0 447.0
2800.0 603.0 438.0
2900.0 609.0 458.0
3000.0 616.0 479.0
3100.0 646.0 480.0
3200.0 676.0 500.0
3300.0 699.0 550.0
3400.0 718.0 607.0
3500.0 744.0 629.0
3600.0 834.0 746.0
3700.0 776.0 638.0
3800.0 986.0 712.0
3900.0 961.0 800.0
4000.0 1210.0 756.0
4100.0 924.0 687.0
4200.0 938.0 710.0
4300.0 945.0 733.0
4400.0 952.0 792.0
4500.0 998.0 764.0
4600.0 1009.0 1082.0
4700.0 1123.0 1137.0
4800.0 1090.0 1328.0
4900.0 1086.0 1061.0
5000.0 1120.0 1075.0
5100.0 1186.0 867.0
5200.0 1151.0 871.0
5300.0 1187.0 912.0
5400.0 1248.0 906.0
5500.0 1303.0 921.0
5600.0 1238.0 948.0
5700.0 1256.0 1040.0
5800.0 1365.0 996.0
5900.0 1605.0 1035.0
6000.0 1349.0 1042.0
6100.0 1381.0 1072.0
6200.0 1430.0 1064.0
6300.0 1534.0 1228.0
6400.0 1751.0 1112.0
6500.0 1531.0 1129.0
6600.0 1531.0 1172.0
6700.0 1565.0 1149.0
6800.0 1773.0 1217.0
6900.0 1934.0 1229.0
7000.0 1624.0 1368.0
7100.0 1664.0 1280.0
7200.0 1677.0 1337.0
7300.0 1717.0 1339.0
7400.0 1789.0 1349.0
7500.0 1742.0 1319.0
7600.0 1764.0 1381.0
7700.0 1843.0 1363.0
7800.0 2073.0 1398.0
7900.0 1951.0 1513.0
8000.0 1957.0 1439.0
8100.0 2325.0 1457.0
8200.0 1987.0 4152.0
8300.0 2007.0 1501.0
8400.0 2154.0 1501.0
8500.0 2155.0 1503.0
8600.0 2065.0 1581.0
8700.0 2076.0 1574.0
8800.0 2133.0 1687.0
8900.0 2157.0 1848.0
9000.0 2134.0 1808.0
9100.0 2288.0 1651.0
9200.0 3193.0 1709.0
9300.0 2523.0 1827.0
9400.0 2419.0 2403.0
9500.0 2333.0 1821.0
9600.0 2322.0 1794.0
9700.0 2322.0 1788.0
9800.0 2447.0 1851.0
9900.0 2466.0 1868.0
10000.0 2515.0 1940.0
10100.0 2579.0 1955.0
10200.0 2609.0 2064.0
10300.0 2567.0 2030.0
10400.0 2598.0 1965.0
10500.0 2600.0 1988.0
10600.0 3041.0 2764.0
10700.0 3054.0 2553.0
10800.0 2714.0 2104.0
10900.0 2676.0 2232.0
11000.0 2958.0 2113.0
11100.0 2697.0 2017.0
11200.0 2831.0 2146.0
11300.0 3057.0 2160.0
11400.0 2861.0 2193.0
11500.0 2982.0 2226.0
11600.0 2903.0 2302.0
11700.0 2891.0 2293.0
11800.0 3010.0 2421.0
11900.0 3006.0 2424.0
12000.0 3699.0 2363.0
12100.0 3668.0 2403.0
12200.0 3525.0 2406.0
12300.0 3451.0 2306.0
12400.0 3234.0 2367.0
12500.0 3095.0 2387.0
12600.0 3284.0 2422.0
12700.0 3085.0 2402.0
12800.0 3254.0 2525.0
12900.0 3222.0 2594.0
13000.0 4205.0 2510.0
13100.0 3398.0 2518.0
13200.0 3341.0 2557.0
13300.0 3690.0 2761.0
13400.0 3401.0 2614.0
13500.0 3417.0 2669.0
13600.0 3581.0 2730.0
13700.0 3683.0 2715.0
13800.0 3509.0 2719.0
13900.0 3488.0 3920.0
14000.0 3679.0 2940.0
14100.0 3668.0 2693.0
14200.0 3874.0 2710.0
14300.0 3674.0 2771.0
14400.0 3690.0 2774.0
14500.0 3729.0 3559.0
14600.0 3779.0 2795.0
14700.0 4691.0 2932.0
14800.0 3926.0 2835.0
14900.0 4516.0 2906.0
15000.0 4312.0 4028.0
15100.0 4180.0 3156.0
15200.0 3861.0 3129.0
15300.0 3960.0 2972.0
15400.0 5265.0 3070.0
15500.0 3990.0 3087.0
15600.0 4185.0 3121.0
15700.0 4013.0 3051.0
15800.0 3998.0 3009.0
15900.0 4975.0 3029.0
16000.0 4621.0 3271.0
16100.0 4586.0 3362.0
16200.0 4245.0 3155.0
16300.0 4414.0 4572.0
16400.0 4304.0 3889.0
16500.0 4590.0 3800.0
16600.0 4334.0 3425.0
16700.0 4312.0 3227.0
16800.0 4387.0 3503.0
16900.0 4692.0 3353.0
17000.0 4496.0 3314.0
17100.0 4542.0 3451.0
17200.0 4503.0 3520.0
17300.0 4547.0 3394.0
17400.0 4574.0 3610.0
17500.0 4720.0 3415.0
17600.0 5976.0 3570.0
17700.0 4789.0 3453.0
17800.0 4756.0 3490.0
17900.0 4793.0 3591.0
18000.0 4590.0 3615.0
18100.0 4865.0 3616.0
18200.0 4989.0 3591.0
18300.0 5057.0 3646.0
18400.0 4960.0 3572.0
18500.0 6398.0 3724.0
18600.0 5732.0 3919.0
18700.0 5032.0 3784.0
18800.0 5095.0 3664.0
18900.0 5248.0 3869.0
19000.0 5041.0 3747.0
19100.0 4903.0 3810.0
19200.0 5122.0 3915.0
19300.0 5779.0 3793.0
19400.0 5226.0 5076.0
19500.0 5207.0 4125.0
19600.0 5217.0 4128.0
19700.0 5480.0 4146.0
19800.0 5327.0 3894.0
19900.0 7872.0 3994.0
20000.0 5310.0 4125.0
20100.0 5406.0 4022.0
20200.0 5422.0 4057.0
20300.0 5716.0 4076.0
20400.0 5490.0 4226.0
20500.0 5483.0 4544.0
20600.0 5605.0 4446.0
20700.0 5542.0 4213.0
20800.0 7235.0 4168.0
20900.0 6222.0 4274.0
21000.0 5785.0 4207.0
21100.0 5557.0 4339.0
21200.0 5816.0 4587.0
21300.0 5892.0 5086.0
21400.0 5668.0 4303.0
21500.0 5974.0 4337.0
21600.0 6102.0 4253.0
21700.0 5766.0 4362.0
21800.0 7138.0 4634.0
21900.0 6160.0 4338.0
22000.0 6252.0 4505.0
22100.0 6567.0 4510.0
22200.0 6191.0 4600.0
22300.0 6095.0 4938.0
22400.0 6249.0 4993.0
22500.0 6045.0 4611.0
22600.0 6512.0 4530.0
22700.0 7883.0 4703.0
22800.0 6475.0 5112.0
22900.0 6399.0 5659.0
23000.0 6252.0 5794.0
23100.0 6663.0 4790.0
23200.0 7367.0 4831.0
23300.0 6494.0 7637.0
23400.0 6406.0 5152.0
23500.0 6928.0 4896.0
23600.0 6470.0 4782.0
23700.0 6930.0 4783.0
23800.0 6551.0 4882.0
23900.0 7010.0 4979.0
24000.0 6970.0 4953.0
24100.0 6610.0 5154.0
24200.0 6548.0 4929.0
24300.0 6928.0 4993.0
24400.0 6720.0 4987.0
24500.0 6904.0 6304.0
24600.0 6655.0 5024.0
24700.0 6948.0 4974.0
24800.0 6790.0 5126.0
24900.0 7092.0 5084.0
25000.0 6877.0 5102.0
25100.0 7316.0 5402.0
25200.0 7301.0 5512.0
25300.0 7337.0 5361.0
25400.0 6994.0 8195.0
25500.0 7224.0 5261.0
25600.0 7455.0 5319.0
25700.0 7090.0 5272.0
25800.0 7222.0 5213.0
25900.0 7124.0 5317.0
26000.0 7265.0 6016.0
26100.0 7286.0 5432.0
26200.0 7144.0 5247.0
26300.0 7420.0 5670.0
26400.0 7655.0 5502.0
26500.0 7328.0 7246.0
26600.0 7504.0 5614.0
26700.0 7586.0 5509.0
26800.0 7714.0 5690.0
26900.0 8726.0 5586.0
27000.0 8488.0 5789.0
27100.0 7573.0 5658.0
27200.0 7742.0 5606.0
27300.0 7675.0 6037.0
27400.0 7711.0 6689.0
27500.0 7932.0 5783.0
27600.0 7759.0 5686.0
27700.0 7866.0 6993.0
27800.0 8233.0 5947.0
27900.0 8185.0 5670.0
28000.0 7985.0 5842.0
28100.0 7881.0 6391.0
28200.0 8143.0 6211.0
28300.0 8790.0 5884.0
28400.0 7894.0 6107.0
28500.0 8029.0 7526.0
28600.0 8148.0 5889.0
28700.0 8078.0 6613.0
28800.0 8185.0 6128.0
28900.0 8024.0 6288.0
29000.0 8329.0 6022.0
29100.0 8413.0 6086.0
29200.0 8269.0 6216.0
29300.0 8620.0 6038.0
29400.0 9890.0 6279.0
29500.0 8588.0 6061.0
29600.0 8413.0 6201.0
29700.0 8534.0 6127.0
29800.0 8387.0 6229.0
29900.0 8769.0 6154.0
30000.0 8883.0 6142.0
30100.0 10020.0 6493.0
30200.0 9637.0 6455.0
30300.0 8921.0 6329.0
30400.0 9052.0 6471.0
30500.0 8671.0 6560.0
30600.0 9454.0 6559.0
30700.0 11136.0 6382.0
30800.0 8715.0 6402.0
30900.0 9503.0 8923.0
31000.0 9271.0 6537.0
31100.0 8791.0 6365.0
31200.0 9026.0 6872.0
31300.0 8928.0 6326.0
31400.0 8900.0 6920.0
31500.0 9019.0 6630.0
31600.0 9135.0 6548.0
31700.0 9102.0 6923.0
31800.0 9031.0 6857.0
31900.0 9137.0 7424.0
32000.0 9224.0 6595.0
32100.0 9218.0 6694.0
32200.0 10243.0 7843.0
32300.0 10101.0 6824.0
32400.0 9466.0 6877.0
32500.0 9260.0 6776.0
32600.0 9386.0 6854.0
32700.0 9687.0 6817.0
32800.0 9623.0 6953.0
32900.0 9860.0 7062.0
33000.0 9502.0 6994.0
33100.0 12687.0 7041.0
33200.0 10315.0 6914.0
33300.0 9460.0 7364.0
33400.0 9518.0 7300.0
33500.0 9808.0 7000.0
33600.0 9860.0 6993.0
33700.0 11517.0 6939.0
33800.0 9911.0 7041.0
33900.0 11785.0 7293.0
34000.0 9988.0 7652.0
34100.0 10166.0 6995.0
34200.0 9785.0 7066.0
34300.0 10079.0 7044.0
34400.0 10019.0 7472.0
34500.0 10042.0 7299.0
34600.0 9989.0 7253.0
34700.0 10347.0 7301.0
34800.0 10200.0 7291.0
34900.0 10306.0 7299.0
35000.0 10764.0 7658.0
35100.0 10200.0 7631.0
35200.0 11060.0 7373.0
35300.0 10167.0 7341.0
35400.0 10413.0 7665.0
35500.0 10526.0 7583.0
35600.0 10635.0 7547.0
35700.0 10495.0 7394.0
35800.0 11440.0 9982.0
35900.0 10334.0 7859.0
36000.0 10464.0 8025.0
36100.0 10561.0 7586.0
36200.0 10654.0 7620.0
36300.0 10609.0 7479.0
36400.0 15462.0 7626.0
36500.0 11056.0 8107.0
36600.0 10709.0 7622.0
36700.0 10727.0 7778.0
36800.0 10902.0 7741.0
36900.0 10711.0 8059.0
37000.0 11450.0 7676.0
37100.0 10992.0 8145.0
37200.0 11888.0 7880.0
37300.0 10661.0 7729.0
37400.0 10924.0 7851.0
37500.0 11074.0 8247.0
37600.0 10873.0 8090.0
37700.0 11156.0 7878.0
37800.0 11315.0 8064.0
37900.0 11288.0 8617.0
38000.0 11703.0 8083.0
38100.0 11352.0 8429.0
38200.0 13528.0 7996.0
38300.0 11483.0 10795.0
38400.0 11423.0 8127.0
38500.0 11206.0 8416.0
38600.0 11516.0 8269.0
38700.0 11485.0 8297.0
38800.0 12126.0 8191.0
38900.0 11431.0 8460.0
39000.0 11716.0 8410.0
39100.0 11656.0 10979.0
39200.0 11633.0 10163.0
39300.0 11866.0 8282.0
39400.0 11474.0 8506.0
39500.0 11465.0 8517.0
39600.0 12030.0 8118.0
39700.0 11930.0 8464.0
39800.0 11834.0 8389.0
39900.0 12039.0 8643.0
40000.0 11691.0 8583.0
40100.0 12075.0 8237.0
40200.0 11937.0 8515.0
40300.0 12184.0 8642.0
40400.0 14206.0 8349.0
40500.0 13574.0 8657.0
40600.0 12675.0 9007.0
40700.0 12049.0 8660.0
40800.0 12077.0 11265.0
40900.0 12264.0 8534.0
41000.0 12213.0 8672.0
41100.0 12076.0 8555.0
41200.0 13244.0 9082.0
41300.0 15205.0 8651.0
41400.0 12230.0 8768.0
41500.0 12882.0 8791.0
41600.0 12333.0 8850.0
41700.0 12630.0 8852.0
41800.0 12178.0 9151.0
41900.0 13116.0 9009.0
42000.0 12372.0 9045.0
42100.0 12740.0 8704.0
42200.0 14545.0 10165.0
42300.0 12892.0 8812.0
42400.0 12728.0 9179.0
42500.0 12767.0 9186.0
42600.0 13248.0 10824.0
42700.0 13514.0 8945.0
42800.0 12949.0 9014.0
42900.0 12920.0 9343.0
43000.0 12829.0 9501.0
43100.0 13219.0 9382.0
43200.0 13381.0 9589.0
43300.0 14496.0 8811.0
43400.0 13133.0 8987.0
43500.0 13216.0 9382.0
43600.0 12969.0 9309.0
43700.0 13724.0 9715.0
43800.0 13289.0 9414.0
43900.0 15273.0 9115.0
44000.0 13326.0 9532.0
44100.0 13511.0 9217.0
44200.0 13333.0 9277.0
44300.0 13514.0 9571.0
44400.0 13344.0 9888.0
44500.0 13489.0 9346.0
44600.0 13596.0 9528.0
44700.0 17322.0 9688.0
44800.0 13805.0 9816.0
44900.0 14580.0 9772.0
45000.0 13685.0 10581.0
45100.0 13589.0 9352.0
45200.0 13718.0 10143.0
45300.0 14238.0 9491.0
45400.0 14618.0 9483.0
45500.0 14210.0 12619.0
45600.0 13898.0 9541.0
45700.0 14164.0 9596.0
45800.0 14404.0 9762.0
45900.0 15103.0 9834.0
46000.0 14008.0 10291.0
46100.0 13820.0 9670.0
46200.0 13963.0 9860.0
46300.0 13971.0 9690.0
46400.0 14391.0 10035.0
46500.0 14923.0 10121.0
46600.0 16070.0 10725.0
46700.0 14341.0 10614.0
46800.0 14126.0 9792.0
46900.0 14523.0 9992.0
47000.0 14188.0 10210.0
47100.0 14629.0 10278.0
47200.0 15241.0 10061.0
47300.0 15284.0 10291.0
47400.0 14738.0 10433.0
47500.0 14526.0 10388.0
47600.0 14594.0 11210.0
47700.0 14757.0 10517.0
47800.0 14672.0 10336.0
47900.0 15457.0 10418.0
48000.0 14834.0 10216.0
48100.0 14878.0 10284.0
48200.0 14470.0 10663.0
48300.0 15013.0 10128.0
48400.0 16015.0 10602.0
48500.0 16351.0 10603.0
48600.0 15322.0 10472.0
48700.0 15418.0 11998.0
48800.0 15496.0 10661.0
48900.0 14980.0 10405.0
49000.0 15127.0 10850.0
49100.0 15501.0 10614.0
49200.0 16007.0 10803.0
49300.0 15408.0 11105.0
49400.0 17786.0 10711.0
49500.0 15569.0 10403.0
49600.0 15337.0 10684.0
49700.0 15264.0 11041.0
49800.0 15691.0 10838.0
49900.0 15732.0 10818.0
50000.0 15909.0 11525.0
50100.0 15797.0 12320.0
50200.0 15454.0 10749.0
50300.0 16909.0 10768.0
50400.0 15958.0 10879.0
50500.0 15984.0 11231.0
50600.0 15816.0 10745.0
50700.0 16334.0 13734.0
50800.0 15690.0 11109.0
50900.0 15958.0 11355.0
51000.0 15780.0 10840.0
51100.0 15553.0 11255.0
51200.0 16133.0 10803.0
51300.0 15630.0 11483.0
51400.0 17696.0 11279.0
51500.0 15618.0 11354.0
51600.0 15809.0 10984.0
51700.0 16321.0 10938.0
51800.0 16227.0 11064.0
51900.0 16082.0 11509.0
52000.0 17315.0 11515.0
52100.0 19647.0 11184.0
52200.0 16135.0 10915.0
52300.0 16093.0 11191.0
52400.0 16147.0 11206.0
52500.0 16226.0 12488.0
52600.0 16813.0 14251.0
52700.0 16609.0 11172.0
52800.0 17076.0 12478.0
52900.0 16563.0 12429.0
53000.0 17796.0 11650.0
53100.0 16486.0 11407.0
53200.0 16520.0 11260.0
53300.0 16519.0 11596.0
53400.0 17542.0 11744.0
53500.0 18250.0 11541.0
53600.0 20090.0 11649.0
53700.0 17459.0 13194.0
53800.0 16924.0 12332.0
53900.0 16587.0 11906.0
54000.0 16875.0 11862.0
54100.0 16986.0 12058.0
54200.0 18667.0 11762.0
54300.0 17118.0 11524.0
54400.0 17210.0 12127.0
54500.0 17945.0 11774.0
54600.0 18663.0 11899.0
54700.0 17121.0 13353.0
54800.0 16994.0 11773.0
54900.0 17927.0 11745.0
55000.0 17195.0 12211.0
55100.0 19799.0 11813.0
55200.0 17439.0 12010.0
55300.0 16935.0 11779.0
55400.0 23713.0 11768.0
55500.0 17386.0 13189.0
55600.0 17380.0 11916.0
55700.0 17340.0 12273.0
55800.0 17463.0 12426.0
55900.0 17374.0 11938.0
56000.0 17720.0 12292.0
56100.0 17439.0 12258.0
56200.0 22378.0 12146.0
56300.0 17796.0 12190.0
56400.0 17507.0 12118.0
56500.0 17516.0 12260.0
56600.0 20369.0 12326.0
56700.0 18015.0 12399.0
56800.0 19110.0 12379.0
56900.0 17745.0 13041.0
57000.0 17810.0 12702.0
57100.0 20354.0 14469.0
57200.0 20991.0 12349.0
57300.0 17820.0 12258.0
57400.0 17809.0 12440.0
57500.0 18719.0 12145.0
57600.0 18044.0 12298.0
57700.0 17871.0 12509.0
57800.0 20878.0 12661.0
57900.0 18079.0 12582.0
58000.0 18302.0 14366.0
58100.0 18439.0 12529.0
58200.0 18080.0 12457.0
58300.0 19530.0 12689.0
58400.0 17954.0 12666.0
58500.0 23116.0 12596.0
58600.0 19180.0 12803.0
58700.0 18974.0 13108.0
58800.0 19620.0 12917.0
58900.0 18446.0 13691.0
59000.0 18503.0 13160.0
59100.0 18407.0 12730.0
59200.0 19448.0 13194.0
59300.0 18614.0 12759.0
59400.0 20552.0 12962.0
59500.0 19723.0 13077.0
59600.0 20269.0 12864.0
59700.0 19267.0 12705.0
59800.0 19406.0 12761.0
59900.0 19006.0 13131.0
60000.0 18794.0 12987.0
60100.0 19236.0 12970.0
60200.0 21426.0 13095.0
60300.0 18721.0 13035.0
60400.0 21413.0 13433.0
60500.0 21774.0 15633.0
60600.0 19053.0 13201.0
60700.0 21021.0 13084.0
60800.0 18951.0 13406.0
60900.0 19546.0 13169.0
61000.0 19423.0 13920.0
61100.0 20676.0 13123.0
61200.0 20094.0 13729.0
61300.0 19322.0 15355.0
61400.0 19447.0 13086.0
61500.0 19781.0 13134.0
61600.0 22073.0 13696.0
61700.0 20881.0 13278.0
61800.0 19629.0 13424.0
61900.0 21528.0 13471.0
62000.0 19571.0 13494.0
62100.0 20196.0 13787.0
62200.0 20068.0 13295.0
62300.0 21292.0 13493.0
62400.0 19775.0 13432.0
62500.0 20369.0 13428.0
62600.0 21412.0 13683.0
62700.0 20832.0 13852.0
62800.0 22820.0 13854.0
62900.0 20254.0 15829.0
63000.0 22362.0 14003.0
63100.0 21310.0 13284.0
63200.0 20863.0 14167.0
63300.0 21486.0 13507.0
63400.0 20461.0 13794.0
63500.0 21230.0 13948.0
63600.0 21350.0 14331.0
63700.0 20548.0 16174.0
63800.0 21357.0 13924.0
63900.0 21489.0 13660.0
64000.0 21266.0 14448.0
64100.0 20944.0 13931.0
64200.0 20840.0 13548.0
64300.0 21257.0 13894.0
64400.0 21224.0 14291.0
64500.0 23049.0 16613.0
64600.0 21344.0 13684.0
64700.0 21729.0 14296.0
64800.0 20573.0 15497.0
64900.0 21236.0 14121.0
65000.0 21549.0 14537.0
65100.0 21415.0 14259.0
65200.0 20663.0 14132.0
65300.0 24451.0 13970.0
65400.0 21198.0 14405.0
65500.0 22160.0 14538.0
65600.0 22829.0 14613.0
65700.0 20824.0 14437.0
65800.0 21474.0 14649.0
65900.0 22002.0 14366.0
66000.0 21310.0 14431.0
66100.0 21587.0 14532.0
66200.0 22228.0 14512.0
66300.0 21500.0 14470.0
66400.0 21609.0 15080.0
66500.0 21726.0 15126.0
66600.0 22519.0 16974.0
66700.0 22122.0 14739.0
66800.0 21390.0 14210.0
66900.0 22574.0 15307.0
67000.0 21957.0 14270.0
67100.0 22114.0 14807.0
67200.0 23269.0 14475.0
67300.0 22024.0 14388.0
67400.0 23041.0 14420.0
67500.0 23073.0 15322.0
67600.0 25162.0 14453.0
67700.0 23034.0 14940.0
67800.0 22416.0 15165.0
67900.0 22792.0 14775.0
68000.0 22846.0 15284.0
68100.0 22683.0 14732.0
68200.0 22861.0 16139.0
68300.0 21995.0 15398.0
68400.0 22172.0 16628.0
68500.0 22238.0 14954.0
68600.0 23451.0 15443.0
68700.0 22735.0 15448.0
68800.0 22391.0 14856.0
68900.0 23038.0 16505.0
69000.0 22468.0 14535.0
69100.0 25778.0 15041.0
69200.0 23068.0 15745.0
69300.0 22893.0 15162.0
69400.0 22654.0 15043.0
69500.0 23262.0 15360.0
69600.0 22435.0 15263.0
69700.0 23634.0 15294.0
69800.0 23734.0 15569.0
69900.0 23469.0 15943.0
70000.0 22769.0 15988.0
70100.0 23090.0 16892.0
70200.0 22700.0 15223.0
70300.0 23973.0 17780.0
70400.0 23654.0 15564.0
70500.0 23664.0 15247.0
70600.0 23696.0 15660.0
70700.0 23313.0 16291.0
70800.0 23634.0 15436.0
70900.0 24523.0 14886.0
71000.0 20965.0 16596.0
71100.0 23569.0 15139.0
71200.0 23075.0 15289.0
71300.0 25658.0 18543.0
71400.0 23521.0 15809.0
71500.0 23886.0 15422.0
71600.0 24305.0 15398.0
71700.0 23824.0 15883.0
71800.0 23496.0 16900.0
71900.0 24784.0 15860.0
72000.0 24451.0 15594.0
72100.0 24158.0 16365.0
72200.0 24733.0 15574.0
72300.0 24845.0 15927.0
72400.0 23555.0 16119.0
72500.0 23935.0 15472.0
72600.0 24131.0 15757.0
72700.0 28332.0 16275.0
72800.0 23937.0 15625.0
72900.0 24258.0 15791.0
73000.0 24429.0 15712.0
73100.0 25176.0 16407.0
73200.0 24671.0 16283.0
73300.0 24821.0 16466.0
73400.0 24417.0 18722.0
73500.0 24821.0 15518.0
73600.0 24239.0 16435.0
73700.0 24214.0 16686.0
73800.0 24506.0 16667.0
73900.0 26768.0 16755.0
74000.0 24932.0 16180.0
74100.0 24550.0 16862.0
74200.0 27928.0 16536.0
74300.0 26082.0 18258.0
74400.0 25026.0 16153.0
74500.0 25232.0 16146.0
74600.0 24962.0 16685.0
74700.0 25587.0 15958.0
74800.0 24980.0 16926.0
74900.0 24948.0 17516.0
75000.0 26222.0 17588.0
75100.0 27714.0 16095.0
75200.0 25092.0 17509.0
75300.0 26162.0 17077.0
75400.0 24985.0 16931.0
75500.0 25661.0 17168.0
75600.0 27627.0 17032.0
75700.0 25483.0 17222.0
75800.0 25003.0 18492.0
75900.0 25516.0 17292.0
76000.0 25949.0 16845.0
76100.0 28262.0 16517.0
76200.0 25822.0 16424.0
76300.0 25810.0 17496.0
76400.0 25255.0 16423.0
76500.0 25648.0 17811.0
76600.0 26606.0 16950.0
76700.0 26098.0 16680.0
76800.0 25565.0 17690.0
76900.0 26333.0 17222.0
77000.0 28667.0 17107.0
77100.0 26940.0 16572.0
77200.0 27053.0 17754.0
77300.0 26055.0 16910.0
77400.0 25768.0 17694.0
77500.0 26874.0 16846.0
77600.0 25988.0 17859.0
77700.0 25832.0 16978.0
77800.0 27940.0 17050.0
77900.0 26907.0 16632.0
78000.0 26064.0 18387.0
78100.0 27552.0 17503.0
78200.0 26292.0 18107.0
78300.0 27724.0 17586.0
78400.0 26796.0 17670.0
78500.0 27269.0 17174.0
78600.0 26960.0 17502.0
78700.0 27089.0 17284.0
78800.0 26470.0 17073.0
78900.0 27051.0 17603.0
79000.0 27018.0 17329.0
79100.0 26717.0 17436.0
79200.0 29660.0 17448.0
79300.0 27331.0 18587.0
79400.0 27514.0 17996.0
79500.0 27380.0 17573.0
79600.0 27044.0 17437.0
79700.0 27560.0 17768.0
79800.0 27644.0 17339.0
79900.0 27620.0 18054.0
80000.0 27369.0 17613.0
80100.0 27165.0 17594.0
80200.0 27275.0 17734.0
80300.0 27854.0 18229.0
80400.0 31184.0 18293.0
80500.0 30100.0 18456.0
80600.0 28048.0 18078.0
80700.0 27599.0 18730.0
80800.0 27446.0 18293.0
80900.0 27596.0 18803.0
81000.0 28155.0 19478.0
81100.0 28122.0 17319.0
81200.0 27690.0 18151.0
81300.0 28085.0 17928.0
81400.0 30818.0 18621.0
81500.0 29947.0 18483.0
81600.0 27471.0 18169.0
81700.0 28914.0 17757.0
81800.0 28290.0 18477.0
81900.0 29256.0 18440.0
82000.0 28268.0 19012.0
82100.0 28013.0 18029.0
82200.0 30520.0 18253.0
82300.0 28253.0 18081.0
82400.0 32186.0 19082.0
82500.0 28074.0 18813.0
82600.0 30997.0 18481.0
82700.0 28394.0 18360.0
82800.0 28458.0 18261.0
82900.0 31353.0 18297.0
83000.0 28860.0 18330.0
83100.0 29062.0 19202.0
83200.0 29747.0 18160.0
83300.0 29238.0 18143.0
83400.0 32475.0 18669.0
83500.0 29322.0 17945.0
83600.0 28729.0 18368.0
83700.0 28964.0 19025.0
83800.0 29233.0 18622.0
83900.0 29335.0 19400.0
84000.0 29378.0 19339.0
84100.0 28699.0 19096.0
84200.0 29026.0 20230.0
84300.0 28439.0 19294.0
84400.0 32190.0 18310.0
84500.0 29780.0 18541.0
84600.0 30139.0 19146.0
84700.0 30001.0 18997.0
84800.0 29536.0 18682.0
84900.0 29481.0 19462.0
85000.0 29471.0 18778.0
85100.0 30173.0 19170.0
85200.0 29118.0 19200.0
85300.0 30058.0 19558.0
85400.0 30172.0 20236.0
85500.0 30205.0 19712.0
85600.0 29875.0 19130.0
85700.0 30176.0 19277.0
85800.0 30774.0 19245.0
85900.0 30813.0 19955.0
86000.0 29889.0 19456.0
86100.0 29746.0 19369.0
86200.0 29510.0 18919.0
86300.0 32342.0 20020.0
86400.0 32982.0 21016.0
86500.0 29964.0 19570.0
86600.0 30295.0 21756.0
86700.0 30140.0 19606.0
86800.0 29917.0 19632.0
86900.0 30270.0 21189.0
87000.0 33322.0 19502.0
87100.0 31918.0 19786.0
87200.0 29412.0 19659.0
87300.0 30908.0 20034.0
87400.0 33345.0 19770.0
87500.0 32079.0 19898.0
87600.0 29644.0 20080.0
87700.0 30823.0 19841.0
87800.0 33146.0 19457.0
87900.0 30187.0 20752.0
88000.0 33274.0 20014.0
88100.0 32010.0 19653.0
88200.0 32481.0 20724.0
88300.0 29602.0 20196.0
88400.0 30298.0 19771.0
88500.0 30629.0 20690.0
88600.0 30475.0 20230.0
88700.0 31136.0 20386.0
88800.0 31012.0 19754.0
88900.0 32963.0 20498.0
89000.0 30721.0 19721.0
89100.0 33408.0 21572.0
89200.0 35252.0 20892.0
89300.0 34374.0 19871.0
89400.0 30655.0 20331.0
89500.0 31930.0 19969.0
89600.0 35954.0 21403.0
89700.0 35892.0 21291.0
89800.0 32946.0 20297.0
89900.0 32247.0 20135.0
90000.0 36327.0 20853.0
90100.0 31849.0 20338.0
90200.0 31439.0 20289.0
90300.0 32357.0 20948.0
90400.0 34245.0 20974.0
90500.0 31821.0 21906.0
90600.0 32667.0 21300.0
90700.0 31585.0 21120.0
90800.0 33026.0 21864.0
90900.0 35436.0 20021.0
91000.0 32267.0 20445.0
91100.0 34386.0 21617.0
91200.0 32348.0 23503.0
91300.0 31895.0 21372.0
91400.0 32347.0 20608.0
91500.0 33400.0 20501.0
91600.0 32705.0 21934.0
91700.0 33117.0 21093.0
91800.0 35370.0 23342.0
91900.0 32513.0 21222.0
92000.0 34756.0 21237.0
92100.0 32016.0 20694.0
92200.0 34340.0 22894.0
92300.0 32874.0 21571.0
92400.0 34173.0 21777.0
92500.0 33440.0 23511.0
92600.0 32912.0 21705.0
92700.0 33389.0 20899.0
92800.0 33414.0 21644.0
92900.0 32892.0 21483.0
93000.0 33711.0 21868.0
93100.0 35522.0 21077.0
93200.0 33220.0 21364.0
93300.0 34629.0 21413.0
93400.0 32993.0 21739.0
93500.0 38169.0 22082.0
93600.0 33943.0 21848.0
93700.0 33470.0 21125.0
93800.0 34760.0 21468.0
93900.0 38890.0 21461.0
94000.0 35382.0 22389.0
94100.0 33122.0 22199.0
94200.0 33111.0 21753.0
94300.0 33768.0 22145.0
94400.0 35740.0 21337.0
94500.0 33729.0 21756.0
94600.0 36128.0 21963.0
94700.0 33647.0 22626.0
94800.0 34306.0 22204.0
94900.0 34130.0 22297.0
95000.0 35431.0 22699.0
95100.0 36335.0 22553.0
95200.0 34384.0 21835.0
95300.0 34216.0 22029.0
95400.0 38565.0 21350.0
95500.0 33774.0 25688.0
95600.0 35596.0 22296.0
95700.0 36492.0 23022.0
95800.0 34134.0 22389.0
95900.0 37346.0 22408.0
96000.0 37360.0 22104.0
96100.0 35732.0 23342.0
96200.0 34943.0 22282.0
96300.0 33723.0 21935.0
96400.0 36501.0 23185.0
96500.0 34888.0 22986.0
96600.0 34152.0 23311.0
96700.0 47910.0 23828.0
96800.0 40131.0 23319.0
96900.0 34040.0 22831.0
97000.0 34935.0 22493.0
97100.0 34507.0 22943.0
97200.0 37688.0 22507.0
97300.0 37888.0 22942.0
97400.0 34704.0 22329.0
97500.0 37666.0 22719.0
97600.0 39344.0 22767.0
97700.0 36741.0 25961.0
97800.0 35961.0 23381.0
97900.0 34583.0 22521.0
98000.0 36554.0 23043.0
98100.0 36527.0 24004.0
98200.0 36097.0 23208.0
98300.0 38178.0 23164.0
98400.0 37109.0 23532.0
98500.0 38648.0 24083.0
98600.0 38786.0 23751.0
98700.0 35581.0 24281.0
98800.0 38951.0 23024.0
98900.0 35933.0 23429.0
99000.0 35918.0 26882.0
99100.0 35771.0 24683.0
99200.0 35266.0 23136.0
99300.0 37502.0 22977.0
99400.0 37087.0 23201.0
99500.0 35544.0 24004.0
99600.0 39782.0 24702.0
99700.0 37616.0 23100.0
99800.0 36210.0 24118.0
99900.0 38643.0 23181.0
100000.0 38212.0 24336.0
