500.0 69.0 59.0
600.0 106.0 67.0
700.0 103.0 143.0
800.0 209.0 87.0
900.0 292.0 104.0
1000.0 333.0 141.0
1100.0 388.0 134.0
1200.0 369.0 154.0
1300.0 393.0 159.0
1400.0 400.0 187.0
1500.0 390.0 177.0
1600.0 384.0 190.0
1700.0 381.0 208.0
1800.0 333.0 257.0
1900.0 542.0 225.0
2000.0 519.0 340.0
2100.0 567.0 388.0
2200.0 521.0 323.0
2300.0 702.0 343.0
2400.0 465.0 306.0
2500.0 547.0 327.0
2600.0 543.0 334.0
2700.0 856.0 358.0
2800.0 551.0 366.0
2900.0 528.0 402.0
3000.0 523.0 399.0
3100.0 550.0 457.0
3200.0 573.0 426.0
3300.0 585.0 441.0
3400.0 600.0 475.0
3500.0 611.0 505.0
3600.0 663.0 523.0
3700.0 766.0 525.0
3800.0 750.0 614.0
3900.0 941.0 704.0
4000.0 766.0 647.0
4100.0 734.0 634.0
4200.0 747.0 630.0
4300.0 827.0 632.0
4400.0 942.0 643.0
4500.0 869.0 626.0
4600.0 881.0 747.0
4700.0 852.0 859.0
4800.0 904.0 1031.0
4900.0 1617.0 960.0
5000.0 1073.0 804.0
5100.0 940.0 963.0
5200.0 982.0 754.0
5300.0 984.0 798.0
5400.0 1157.0 845.0
5500.0 1029.0 824.0
5600.0 1104.0 802.0
5700.0 1110.0 921.0
5800.0 1205.0 833.0
5900.0 1115.0 876.0
6000.0 1136.0 841.0
6100.0 1182.0 940.0
6200.0 1209.0 887.0
6300.0 1237.0 973.0
6400.0 1417.0 1006.0
6500.0 1881.0 944.0
6600.0 1341.0 1056.0
6700.0 1311.0 976.0
6800.0 1417.0 968.0
6900.0 1565.0 1045.0
7000.0 1361.0 1149.0
7100.0 1667.0 1047.0
7200.0 1557.0 1382.0
7300.0 1539.0 1230.0
7400.0 1874.0 1064.0
7500.0 1708.0 1124.0
7600.0 1526.0 1152.0
7700.0 1552.0 1301.0
7800.0 1588.0 1161.0
7900.0 1590.0 1267.0
8000.0 1583.0 1329.0
8100.0 1660.0 1275.0
8200.0 1751.0 4336.0
8300.0 4153.0 1278.0
8400.0 1801.0 1333.0
8500.0 1791.0 1368.0
8600.0 1748.0 1384.0
8700.0 1737.0 1427.0
8800.0 1878.0 1481.0
8900.0 1802.0 1369.0
9000.0 1804.0 1731.0
9100.0 1841.0 1460.0
9200.0 3585.0 1513.0
9300.0 2110.0 1611.0
9400.0 1943.0 2132.0
9500.0 2099.0 1736.0
9600.0 1924.0 1574.0
9700.0 1930.0 1518.0
9800.0 1954.0 1706.0
9900.0 2038.0 1579.0
10000.0 2029.0 1555.0
10100.0 2141.0 1692.0
10200.0 2052.0 1608.0
10300.0 2256.0 1674.0
10400.0 2121.0 1603.0
10500.0 2315.0 1786.0
10600.0 2225.0 2303.0
10700.0 2483.0 2557.0
10800.0 2374.0 2935.0
10900.0 2199.0 1784.0
11000.0 2398.0 1922.0
11100.0 2406.0 1782.0
11200.0 2378.0 1754.0
11300.0 2768.0 1939.0
11400.0 2421.0 2039.0
11500.0 2327.0 1825.0
11600.0 2354.0 1836.0
11700.0 2592.0 2158.0
11800.0 2497.0 2012.0
11900.0 2516.0 2009.0
12000.0 2605.0 2013.0
12100.0 2687.0 2240.0
12200.0 3417.0 2050.0
12300.0 3726.0 2058.0
12400.0 3193.0 2144.0
12500.0 2766.0 2014.0
12600.0 2794.0 2297.0
12700.0 2857.0 2092.0
12800.0 2695.0 2199.0
12900.0 2722.0 2231.0
13000.0 4250.0 2145.0
13100.0 2903.0 2259.0
13200.0 2963.0 2287.0
13300.0 2749.0 2156.0
13400.0 2817.0 2333.0
13500.0 3029.0 2323.0
13600.0 3086.0 2379.0
13700.0 3277.0 2376.0
13800.0 3124.0 2232.0
13900.0 2892.0 2503.0
14000.0 2945.0 2634.0
14100.0 2929.0 2801.0
14200.0 3548.0 2365.0
14300.0 3237.0 2459.0
14400.0 3191.0 2397.0
14500.0 3144.0 2796.0
14600.0 3150.0 2383.0
14700.0 3471.0 2607.0
14800.0 3534.0 2307.0
14900.0 3423.0 2556.0
15000.0 3012.0 2443.0
15100.0 3534.0 5796.0
15200.0 3637.0 2734.0
15300.0 3626.0 2727.0
15400.0 4968.0 2844.0
15500.0 3246.0 2731.0
15600.0 3252.0 2804.0
15700.0 3810.0 3008.0
15800.0 3390.0 2616.0
15900.0 4292.0 2745.0
16000.0 3873.0 2583.0
16100.0 3757.0 2883.0
16200.0 3497.0 2837.0
16300.0 3852.0 2702.0
16400.0 3691.0 4391.0
16500.0 3510.0 3521.0
16600.0 3588.0 3399.0
16700.0 3845.0 2913.0
16800.0 3758.0 3055.0
16900.0 4025.0 2889.0
17000.0 3791.0 3104.0
17100.0 3836.0 3021.0
17200.0 4095.0 2984.0
17300.0 3927.0 3037.0
17400.0 3940.0 3044.0
17500.0 3818.0 2977.0
17600.0 3991.0 3177.0
17700.0 3912.0 3161.0
17800.0 4893.0 3141.0
17900.0 3899.0 4545.0
18000.0 3941.0 3121.0
18100.0 4093.0 3201.0
18200.0 4749.0 4992.0
18300.0 3978.0 4066.0
18400.0 4044.0 3183.0
18500.0 4640.0 3208.0
18600.0 5271.0 3259.0
18700.0 4437.0 3200.0
18800.0 4163.0 3528.0
18900.0 4187.0 3521.0
19000.0 4199.0 3260.0
19100.0 4295.0 3519.0
19200.0 4653.0 3286.0
19300.0 4610.0 3520.0
19400.0 4337.0 4126.0
19500.0 4160.0 3626.0
19600.0 4321.0 3713.0
19700.0 4204.0 3952.0
19800.0 4401.0 3584.0
19900.0 4405.0 3452.0
20000.0 4450.0 3674.0
20100.0 4502.0 3967.0
20200.0 4843.0 3485.0
20300.0 4813.0 3690.0
20400.0 4863.0 3961.0
20500.0 4590.0 3483.0
20600.0 4720.0 3600.0
20700.0 4549.0 3994.0
20800.0 5549.0 3753.0
20900.0 6433.0 3743.0
21000.0 5029.0 6888.0
21100.0 4673.0 4307.0
21200.0 4599.0 3751.0
21300.0 4995.0 6076.0
21400.0 4693.0 4367.0
21500.0 5074.0 3735.0
21600.0 4994.0 3823.0
21700.0 4997.0 3682.0
21800.0 4886.0 3841.0
21900.0 4911.0 4226.0
22000.0 5214.0 4143.0
22100.0 4995.0 4034.0
22200.0 4940.0 4136.0
22300.0 4973.0 4012.0
22400.0 5038.0 4195.0
22500.0 5044.0 4004.0
22600.0 5070.0 4310.0
22700.0 6831.0 4096.0
22800.0 5220.0 4030.0
22900.0 5225.0 4176.0
23000.0 5014.0 5040.0
23100.0 7361.0 5305.0
23200.0 8016.0 4267.0
23300.0 5742.0 4114.0
23400.0 5284.0 4482.0
23500.0 5179.0 4237.0
23600.0 5454.0 4113.0
23700.0 6739.0 4266.0
23800.0 5771.0 4104.0
23900.0 5221.0 4228.0
24000.0 5555.0 4279.0
24100.0 5189.0 4340.0
24200.0 5468.0 4525.0
24300.0 5797.0 4313.0
24400.0 5648.0 4468.0
24500.0 5467.0 6728.0
24600.0 5614.0 4542.0
24700.0 5694.0 4999.0
24800.0 5793.0 4442.0
24900.0 5863.0 4337.0
25000.0 5588.0 4575.0
25100.0 6551.0 4685.0
25200.0 6483.0 5114.0
25300.0 6087.0 4712.0
25400.0 5726.0 5004.0
25500.0 5599.0 4552.0
25600.0 5994.0 4479.0
25700.0 6036.0 4960.0
25800.0 5760.0 4595.0
25900.0 5780.0 4629.0
26000.0 5881.0 4831.0
26100.0 6677.0 4675.0
26200.0 6012.0 4983.0
26300.0 6829.0 4680.0
26400.0 6352.0 4804.0
26500.0 6272.0 5243.0
26600.0 6157.0 5502.0
26700.0 9005.0 4771.0
26800.0 5966.0 4835.0
26900.0 6092.0 5019.0
27000.0 7228.0 4916.0
27100.0 6332.0 4800.0
27200.0 6202.0 4778.0
27300.0 6382.0 4719.0
27400.0 6126.0 6821.0
27500.0 6485.0 5332.0
27600.0 9858.0 4901.0
27700.0 6499.0 5072.0
27800.0 6611.0 5154.0
27900.0 6296.0 6009.0
28000.0 6391.0 5285.0
28100.0 9321.0 5098.0
28200.0 6534.0 5233.0
28300.0 6621.0 5378.0
28400.0 6513.0 4941.0
28500.0 7258.0 8823.0
28600.0 6725.0 5250.0
28700.0 6596.0 5902.0
28800.0 6801.0 5652.0
28900.0 6640.0 5655.0
29000.0 6833.0 5410.0
29100.0 6791.0 5388.0
29200.0 6677.0 7229.0
29300.0 6975.0 5210.0
29400.0 7174.0 5360.0
29500.0 6795.0 5369.0
29600.0 7163.0 5296.0
29700.0 6938.0 5597.0
29800.0 7220.0 5280.0
29900.0 7044.0 5277.0
30000.0 7278.0 5475.0
30100.0 8504.0 5598.0
30200.0 7805.0 5611.0
30300.0 7614.0 5538.0
30400.0 7148.0 5548.0
30500.0 7151.0 5750.0
30600.0 7467.0 5691.0
30700.0 7300.0 5724.0
30800.0 7050.0 5931.0
30900.0 7440.0 6074.0
31000.0 7287.0 6454.0
31100.0 7135.0 5716.0
31200.0 7245.0 5690.0
31300.0 7486.0 5785.0
31400.0 7811.0 5963.0
31500.0 7079.0 5775.0
31600.0 7658.0 5656.0
31700.0 7282.0 5995.0
31800.0 7568.0 5839.0
31900.0 7337.0 7787.0
32000.0 10242.0 5659.0
32100.0 7565.0 5884.0
32200.0 7714.0 8142.0
32300.0 7493.0 6708.0
32400.0 7943.0 5743.0
32500.0 7447.0 6027.0
32600.0 8564.0 6141.0
32700.0 7593.0 5864.0
32800.0 7988.0 5969.0
32900.0 7540.0 5991.0
33000.0 7863.0 6253.0
33100.0 7925.0 6102.0
33200.0 9074.0 6695.0
33300.0 8034.0 6162.0
33400.0 7973.0 6334.0
33500.0 7791.0 6398.0
33600.0 7972.0 6278.0
33700.0 7969.0 6517.0
33800.0 9866.0 6318.0
33900.0 8394.0 6348.0
34000.0 7759.0 7516.0
34100.0 7918.0 7761.0
34200.0 8199.0 6112.0
34300.0 8000.0 6462.0
34400.0 8337.0 6525.0
34500.0 8540.0 6575.0
34600.0 8360.0 6678.0
34700.0 8763.0 6406.0
34800.0 8531.0 6331.0
34900.0 8624.0 9653.0
35000.0 8293.0 6342.0
35100.0 8642.0 6421.0
35200.0 8544.0 7333.0
35300.0 8294.0 6421.0
35400.0 8354.0 7760.0
35500.0 8578.0 6604.0
35600.0 8173.0 6679.0
35700.0 8313.0 6523.0
35800.0 11224.0 7300.0
35900.0 8610.0 8826.0
36000.0 8853.0 6965.0
36100.0 9576.0 6496.0
36200.0 8829.0 6651.0
36300.0 8651.0 6647.0
36400.0 9884.0 6861.0
36500.0 8642.0 7300.0
36600.0 8447.0 6925.0
36700.0 8823.0 6729.0
36800.0 8465.0 7560.0
36900.0 9284.0 7296.0
37000.0 8776.0 6754.0
37100.0 8369.0 7402.0
37200.0 8845.0 7468.0
37300.0 8585.0 6824.0
37400.0 8998.0 7189.0
37500.0 10751.0 7185.0
37600.0 8733.0 7321.0
37700.0 9000.0 7191.0
37800.0 8934.0 6898.0
37900.0 9013.0 7139.0
38000.0 9097.0 7440.0
38100.0 9692.0 7113.0
38200.0 8845.0 7605.0
38300.0 10123.0 7785.0
38400.0 9211.0 7269.0
38500.0 11681.0 7066.0
38600.0 9582.0 7383.0
38700.0 9434.0 7202.0
38800.0 9549.0 7418.0
38900.0 9263.0 7672.0
39000.0 9599.0 7520.0
39100.0 9603.0 7309.0
39200.0 9606.0 9395.0
39300.0 9242.0 7509.0
39400.0 9424.0 7783.0
39500.0 9371.0 7793.0
39600.0 9394.0 8878.0
39700.0 9487.0 7767.0
39800.0 9916.0 9159.0
39900.0 9797.0 8508.0
40000.0 9739.0 7598.0
40100.0 9806.0 8158.0
40200.0 11641.0 7766.0
40300.0 9605.0 7547.0
40400.0 9613.0 7924.0
40500.0 10711.0 8241.0
40600.0 9943.0 7943.0
40700.0 9545.0 8059.0
40800.0 10344.0 8244.0
40900.0 9929.0 7555.0
41000.0 10222.0 8286.0
41100.0 10325.0 7775.0
41200.0 10029.0 7914.0
41300.0 10478.0 7958.0
41400.0 10574.0 8342.0
41500.0 10146.0 8136.0
41600.0 9999.0 8328.0
41700.0 10053.0 8431.0
41800.0 9704.0 7754.0
41900.0 10321.0 8176.0
42000.0 10360.0 8494.0
42100.0 10165.0 10516.0
42200.0 11057.0 9907.0
42300.0 10143.0 8179.0
42400.0 9861.0 8588.0
42500.0 10970.0 8321.0
42600.0 10189.0 8940.0
42700.0 12590.0 8119.0
42800.0 10506.0 8144.0
42900.0 10105.0 8478.0
43000.0 10331.0 8287.0
43100.0 13831.0 8416.0
43200.0 10749.0 8828.0
43300.0 10794.0 8406.0
43400.0 10384.0 9782.0
43500.0 10539.0 8266.0
43600.0 10112.0 8198.0
43700.0 10562.0 8820.0
43800.0 10771.0 8670.0
43900.0 10394.0 8842.0
44000.0 11110.0 8603.0
44100.0 11205.0 8584.0
44200.0 10941.0 9081.0
44300.0 11035.0 8587.0
44400.0 11239.0 10162.0
44500.0 10677.0 8402.0
44600.0 11056.0 8590.0
44700.0 12392.0 8757.0
44800.0 10874.0 8333.0
44900.0 11032.0 8580.0
45000.0 12741.0 10503.0
45100.0 11464.0 8743.0
45200.0 11806.0 9052.0
45300.0 12014.0 8946.0
45400.0 10981.0 9422.0
45500.0 11402.0 8857.0
45600.0 12886.0 8893.0
45700.0 11271.0 8935.0
45800.0 11516.0 8929.0
45900.0 11280.0 8553.0
46000.0 11175.0 8670.0
46100.0 13178.0 8974.0
46200.0 11079.0 8908.0
46300.0 11384.0 8962.0
46400.0 13942.0 9562.0
46500.0 11211.0 9239.0
46600.0 11750.0 9154.0
46700.0 12535.0 8939.0
46800.0 11111.0 9100.0
46900.0 11513.0 8845.0
47000.0 12207.0 9181.0
47100.0 11437.0 9319.0
47200.0 11723.0 9195.0
47300.0 11892.0 8963.0
47400.0 11634.0 9310.0
47500.0 11976.0 9029.0
47600.0 11614.0 9189.0
47700.0 11565.0 12555.0
47800.0 11362.0 8903.0
47900.0 11564.0 9659.0
48000.0 11795.0 9128.0
48100.0 11519.0 9168.0
48200.0 12217.0 9590.0
48300.0 12000.0 9380.0
48400.0 11786.0 9653.0
48500.0 12229.0 10107.0
48600.0 12553.0 9375.0
48700.0 13536.0 9400.0
48800.0 12402.0 9517.0
48900.0 12088.0 9643.0
49000.0 12182.0 9761.0
49100.0 13161.0 9192.0
49200.0 12745.0 9783.0
49300.0 11980.0 9587.0
49400.0 12410.0 9919.0
49500.0 12018.0 9677.0
49600.0 12454.0 9971.0
49700.0 11674.0 9497.0
49800.0 12190.0 9895.0
49900.0 12405.0 9967.0
50000.0 12111.0 10601.0
50100.0 12017.0 10247.0
50200.0 13635.0 13040.0
50300.0 16001.0 9679.0
50400.0 12312.0 9630.0
50500.0 13755.0 10209.0
50600.0 13541.0 9919.0
50700.0 13383.0 10521.0
50800.0 12283.0 9592.0
50900.0 13270.0 10015.0
51000.0 15700.0 10374.0
51100.0 11958.0 10233.0
51200.0 14421.0 9316.0
51300.0 12799.0 11233.0
51400.0 12736.0 11583.0
51500.0 12627.0 10783.0
51600.0 12960.0 10690.0
51700.0 13183.0 12188.0
51800.0 12668.0 10154.0
51900.0 12712.0 10516.0
52000.0 13541.0 10522.0
52100.0 12604.0 10342.0
52200.0 15460.0 11942.0
52300.0 14872.0 9988.0
52400.0 12873.0 10013.0
52500.0 13148.0 12842.0
52600.0 12250.0 10358.0
52700.0 12569.0 10584.0
52800.0 17656.0 10052.0
52900.0 13943.0 10235.0
53000.0 12917.0 10256.0
53100.0 13951.0 10612.0
53200.0 13315.0 10129.0
53300.0 16823.0 10946.0
53400.0 13930.0 10124.0
53500.0 13369.0 10043.0
53600.0 13572.0 13375.0
53700.0 13444.0 11367.0
53800.0 14804.0 11024.0
53900.0 13307.0 10699.0
54000.0 16285.0 10646.0
54100.0 15263.0 10963.0
54200.0 13091.0 10524.0
54300.0 14493.0 10730.0
54400.0 15315.0 10593.0
54500.0 14747.0 13476.0
54600.0 13457.0 10610.0
54700.0 13559.0 14330.0
54800.0 13424.0 10860.0
54900.0 14787.0 10656.0
55000.0 13114.0 11245.0
55100.0 12897.0 10903.0
55200.0 14959.0 11175.0
55300.0 13984.0 10848.0
55400.0 13082.0 12580.0
55500.0 13279.0 11055.0
55600.0 17114.0 10735.0
55700.0 13354.0 10950.0
55800.0 13914.0 11398.0
55900.0 13501.0 10944.0
56000.0 13805.0 10917.0
56100.0 13479.0 11382.0
56200.0 14604.0 10801.0
56300.0 14053.0 12913.0
56400.0 13676.0 11396.0
56500.0 13453.0 11234.0
56600.0 13917.0 11800.0
56700.0 13376.0 11179.0
56800.0 14107.0 11024.0
56900.0 14258.0 14403.0
57000.0 13403.0 11068.0
57100.0 13789.0 11419.0
57200.0 14626.0 10985.0
57300.0 13955.0 11489.0
57400.0 13685.0 11511.0
57500.0 14178.0 11986.0
57600.0 14229.0 11300.0
57700.0 14553.0 10994.0
57800.0 15450.0 11127.0
57900.0 14310.0 11528.0
58000.0 15760.0 11579.0
58100.0 13745.0 11706.0
58200.0 14737.0 11646.0
58300.0 15511.0 11374.0
58400.0 14480.0 11821.0
58500.0 13679.0 11538.0
58600.0 15684.0 12023.0
58700.0 15288.0 11598.0
58800.0 14347.0 11491.0
58900.0 14581.0 11292.0
59000.0 14156.0 13703.0
59100.0 14015.0 12021.0
59200.0 14594.0 11850.0
59300.0 15018.0 11664.0
59400.0 16184.0 11243.0
59500.0 15176.0 11974.0
59600.0 15629.0 11412.0
59700.0 15102.0 14572.0
59800.0 20882.0 11677.0
59900.0 15294.0 12057.0
60000.0 15142.0 13117.0
60100.0 16591.0 12255.0
60200.0 14574.0 11849.0
60300.0 15489.0 11682.0
60400.0 15186.0 12076.0
60500.0 15649.0 11514.0
60600.0 14724.0 12098.0
60700.0 15733.0 12094.0
60800.0 15065.0 11889.0
60900.0 15221.0 12159.0
61000.0 14673.0 14008.0
61100.0 15353.0 12601.0
61200.0 15589.0 12468.0
61300.0 15054.0 11740.0
61400.0 15015.0 12089.0
61500.0 15111.0 14007.0
61600.0 15116.0 12662.0
61700.0 15433.0 12328.0
61800.0 17568.0 12144.0
61900.0 15332.0 12271.0
62000.0 15124.0 12570.0
62100.0 15907.0 12255.0
62200.0 15258.0 11766.0
62300.0 15143.0 12491.0
62400.0 15623.0 12420.0
62500.0 15037.0 12469.0
62600.0 15443.0 12158.0
62700.0 15481.0 13177.0
62800.0 15167.0 12509.0
62900.0 15784.0 12524.0
63000.0 15402.0 12746.0
63100.0 15797.0 12678.0
63200.0 15289.0 12677.0
63300.0 15993.0 12888.0
63400.0 15920.0 12629.0
63500.0 16006.0 12422.0
63600.0 15926.0 12800.0
63700.0 15781.0 13293.0
63800.0 15673.0 12676.0
63900.0 17826.0 12412.0
64000.0 19211.0 12725.0
64100.0 16183.0 12725.0
64200.0 15866.0 12926.0
64300.0 17166.0 12846.0
64400.0 16551.0 12587.0
64500.0 16201.0 12865.0
64600.0 16157.0 12603.0
64700.0 16895.0 12887.0
64800.0 16257.0 15065.0
64900.0 16243.0 13462.0
65000.0 16599.0 13234.0
65100.0 18983.0 12757.0
65200.0 15961.0 13359.0
65300.0 17503.0 13009.0
65400.0 16852.0 12536.0
65500.0 15925.0 12761.0
65600.0 16526.0 13757.0
65700.0 17316.0 12799.0
65800.0 16705.0 12937.0
65900.0 16781.0 14155.0
66000.0 16576.0 12822.0
66100.0 17052.0 13513.0
66200.0 18952.0 13601.0
66300.0 15905.0 12939.0
66400.0 16575.0 13537.0
66500.0 16709.0 13127.0
66600.0 17963.0 14996.0
66700.0 19204.0 15119.0
66800.0 17134.0 12884.0
66900.0 16702.0 13109.0
67000.0 16669.0 14465.0
67100.0 16898.0 14204.0
67200.0 17023.0 13931.0
67300.0 16292.0 13790.0
67400.0 17617.0 14360.0
67500.0 16902.0 15373.0
67600.0 17841.0 13403.0
67700.0 17361.0 13968.0
67800.0 16789.0 13934.0
67900.0 19884.0 13187.0
68000.0 16674.0 13500.0
68100.0 16369.0 13641.0
68200.0 17369.0 13665.0
68300.0 17384.0 13985.0
68400.0 16486.0 14948.0
68500.0 16637.0 13813.0
68600.0 16744.0 13951.0
68700.0 17357.0 14065.0
68800.0 18209.0 14081.0
68900.0 17538.0 13949.0
69000.0 18679.0 15034.0
69100.0 17823.0 17000.0
69200.0 17769.0 13970.0
69300.0 19851.0 14205.0
69400.0 17012.0 14687.0
69500.0 18570.0 14693.0
69600.0 17109.0 13831.0
69700.0 17750.0 13911.0
69800.0 18171.0 14486.0
69900.0 17922.0 13660.0
70000.0 17411.0 15039.0
70100.0 18003.0 15438.0
70200.0 17243.0 14116.0
70300.0 16827.0 13989.0
70400.0 20445.0 14945.0
70500.0 18461.0 13670.0
70600.0 18171.0 13860.0
70700.0 18117.0 14508.0
70800.0 17045.0 14363.0
70900.0 18137.0 13961.0
71000.0 17759.0 14183.0
71100.0 17896.0 14573.0
71200.0 18594.0 14492.0
71300.0 18738.0 14793.0
71400.0 18683.0 18583.0
71500.0 18432.0 14155.0
71600.0 19252.0 14032.0
71700.0 18405.0 14226.0
71800.0 17867.0 19982.0
71900.0 20819.0 14526.0
72000.0 18623.0 14524.0
72100.0 17705.0 15595.0
72200.0 18550.0 14985.0
72300.0 20237.0 14339.0
72400.0 18852.0 15602.0
72500.0 18245.0 15037.0
72600.0 19746.0 14156.0
72700.0 18018.0 14780.0
72800.0 18563.0 14016.0
72900.0 19341.0 14488.0
73000.0 18051.0 14502.0
73100.0 17705.0 14316.0
73200.0 18744.0 16256.0
73300.0 18708.0 15380.0
73400.0 19516.0 15026.0
73500.0 19358.0 15772.0
73600.0 18106.0 14680.0
73700.0 18783.0 14901.0
73800.0 18100.0 15587.0
73900.0 20803.0 15090.0
74000.0 18569.0 15217.0
74100.0 19350.0 15642.0
74200.0 18833.0 15597.0
74300.0 18967.0 15273.0
74400.0 18688.0 18197.0
74500.0 18904.0 16494.0
74600.0 18984.0 14568.0
74700.0 20272.0 15297.0
74800.0 19326.0 16025.0
74900.0 19530.0 16542.0
75000.0 18982.0 17923.0
75100.0 18479.0 15803.0
75200.0 19466.0 15607.0
75300.0 18683.0 15197.0
75400.0 19859.0 15494.0
75500.0 18924.0 15409.0
75600.0 19556.0 15742.0
75700.0 19595.0 15691.0
75800.0 19451.0 14814.0
75900.0 19292.0 15163.0
76000.0 18992.0 15218.0
76100.0 20087.0 15317.0
76200.0 19632.0 16346.0
76300.0 19463.0 15592.0
76400.0 19357.0 16525.0
76500.0 19511.0 16602.0
76600.0 19114.0 18320.0
76700.0 19420.0 15857.0
76800.0 18815.0 16145.0
76900.0 18759.0 17378.0
77000.0 20252.0 17228.0
77100.0 20653.0 15447.0
77200.0 19410.0 15353.0
77300.0 21017.0 16080.0
77400.0 20453.0 16079.0
77500.0 20164.0 15271.0
77600.0 19445.0 16314.0
77700.0 18984.0 15766.0
77800.0 19565.0 15612.0
77900.0 20050.0 15417.0
78000.0 20738.0 16015.0
78100.0 21908.0 19534.0
78200.0 20108.0 16039.0
78300.0 19033.0 16210.0
78400.0 21188.0 16337.0
78500.0 20763.0 15109.0
78600.0 20340.0 15889.0
78700.0 20614.0 16078.0
78800.0 22534.0 15636.0
78900.0 20614.0 16218.0
79000.0 20224.0 15583.0
79100.0 20142.0 16265.0
79200.0 20688.0 16285.0
79300.0 21048.0 15972.0
79400.0 24135.0 17897.0
79500.0 20965.0 16560.0
79600.0 20514.0 18439.0
79700.0 20456.0 17772.0
79800.0 21180.0 16252.0
79900.0 20329.0 16627.0
80000.0 20387.0 17321.0
80100.0 20729.0 16022.0
80200.0 20640.0 16344.0
80300.0 20475.0 16895.0
80400.0 20428.0 17614.0
80500.0 21407.0 16820.0
80600.0 20755.0 18418.0
80700.0 21232.0 17702.0
80800.0 21004.0 16783.0
80900.0 20419.0 17219.0
81000.0 21776.0 16563.0
81100.0 21558.0 16250.0
81200.0 21178.0 16370.0
81300.0 21623.0 17278.0
81400.0 24673.0 17194.0
81500.0 21060.0 17136.0
81600.0 21205.0 16527.0
81700.0 20713.0 16514.0
81800.0 22893.0 16504.0
81900.0 21362.0 17232.0
82000.0 20958.0 16342.0
82100.0 21050.0 16136.0
82200.0 21637.0 16753.0
82300.0 20968.0 16645.0
82400.0 20986.0 17044.0
82500.0 21227.0 19257.0
82600.0 21663.0 18165.0
82700.0 22155.0 17265.0
82800.0 21260.0 17025.0
82900.0 21136.0 16633.0
83000.0 21831.0 16540.0
83100.0 21344.0 16799.0
83200.0 22320.0 17209.0
83300.0 20987.0 16831.0
83400.0 21239.0 17102.0
83500.0 24595.0 16291.0
83600.0 21698.0 17318.0
83700.0 21526.0 18079.0
83800.0 21429.0 17224.0
83900.0 22365.0 20356.0
84000.0 22179.0 16973.0
84100.0 22318.0 17697.0
84200.0 21466.0 17298.0
84300.0 23532.0 17319.0
84400.0 22867.0 17301.0
84500.0 21981.0 17125.0
84600.0 21496.0 17954.0
84700.0 21904.0 19855.0
84800.0 22106.0 17643.0
84900.0 22331.0 17968.0
85000.0 22255.0 17419.0
85100.0 24200.0 16940.0
85200.0 21673.0 17591.0
85300.0 22443.0 22335.0
85400.0 27338.0 17315.0
85500.0 22196.0 18364.0
85600.0 22164.0 18230.0
85700.0 22594.0 17047.0
85800.0 22824.0 17841.0
85900.0 22011.0 17348.0
86000.0 21757.0 17879.0
86100.0 22044.0 17813.0
86200.0 22193.0 16791.0
86300.0 21985.0 18617.0
86400.0 22745.0 20689.0
86500.0 21843.0 19336.0
86600.0 22282.0 18511.0
86700.0 22024.0 18525.0
86800.0 22885.0 17698.0
86900.0 22910.0 17674.0
87000.0 25284.0 17510.0
87100.0 23251.0 17939.0
87200.0 24763.0 18877.0
87300.0 22697.0 20131.0
87400.0 24834.0 19011.0
87500.0 21994.0 20140.0
87600.0 24084.0 18367.0
87700.0 21606.0 18533.0
87800.0 22270.0 17609.0
87900.0 22719.0 18408.0
88000.0 26865.0 18475.0
88100.0 27600.0 17824.0
88200.0 23807.0 17835.0
88300.0 25294.0 17867.0
88400.0 22677.0 18506.0
88500.0 23225.0 18653.0
88600.0 23713.0 17443.0
88700.0 22785.0 19126.0
88800.0 22106.0 17699.0
88900.0 23184.0 18712.0
89000.0 23333.0 18677.0
89100.0 22945.0 18099.0
89200.0 25126.0 19114.0
89300.0 26163.0 19659.0
89400.0 23639.0 17890.0
89500.0 25800.0 18313.0
89600.0 32080.0 18600.0
89700.0 25728.0 18470.0
89800.0 29063.0 19016.0
89900.0 22932.0 18528.0
90000.0 24967.0 18733.0
90100.0 23212.0 18915.0
90200.0 23756.0 19148.0
90300.0 24383.0 19360.0
90400.0 25274.0 18983.0
90500.0 23853.0 19251.0
90600.0 23963.0 19105.0
90700.0 23032.0 18866.0
90800.0 24313.0 19340.0
90900.0 24838.0 19258.0
91000.0 23440.0 18047.0
91100.0 23962.0 18514.0
91200.0 23434.0 18985.0
91300.0 23881.0 19684.0
91400.0 24641.0 19084.0
91500.0 24106.0 18255.0
91600.0 24267.0 19466.0
91700.0 24021.0 18829.0
91800.0 28988.0 20994.0
91900.0 24820.0 19388.0
92000.0 24974.0 18988.0
92100.0 26775.0 18995.0
92200.0 25002.0 18874.0
92300.0 24254.0 19151.0
92400.0 23914.0 18976.0
92500.0 24105.0 18663.0
92600.0 25776.0 19647.0
92700.0 26393.0 20074.0
92800.0 24326.0 18978.0
92900.0 24523.0 19514.0
93000.0 24475.0 18287.0
93100.0 24623.0 21376.0
93200.0 24125.0 19953.0
93300.0 24183.0 19025.0
93400.0 24348.0 18807.0
93500.0 25041.0 18874.0
93600.0 29776.0 19428.0
93700.0 24554.0 19788.0
93800.0 23761.0 21360.0
93900.0 25251.0 19982.0
94000.0 24037.0 19582.0
94100.0 27437.0 20077.0
94200.0 25502.0 19052.0
94300.0 27043.0 22883.0
94400.0 27406.0 19010.0
94500.0 24789.0 18939.0
94600.0 24643.0 19165.0
94700.0 27400.0 19266.0
94800.0 27174.0 22733.0
94900.0 25074.0 20154.0
95000.0 24997.0 19585.0
95100.0 26386.0 19696.0
95200.0 40323.0 19495.0
95300.0 24504.0 21305.0
95400.0 27219.0 19556.0
95500.0 24668.0 19344.0
95600.0 28928.0 20311.0
95700.0 25545.0 19930.0
95800.0 26143.0 22084.0
95900.0 24556.0 19343.0
96000.0 28925.0 19731.0
96100.0 26985.0 20618.0
96200.0 29597.0 21255.0
96300.0 25853.0 20624.0
96400.0 29510.0 21893.0
96500.0 25552.0 20168.0
96600.0 28206.0 20221.0
96700.0 24751.0 20238.0
96800.0 30729.0 20543.0
96900.0 47523.0 20281.0
97000.0 27046.0 19481.0
97100.0 26207.0 19174.0
97200.0 25651.0 19725.0
97300.0 24895.0 20608.0
97400.0 27297.0 20708.0
97500.0 27863.0 21227.0
97600.0 30415.0 20266.0
97700.0 25817.0 21434.0
97800.0 26097.0 20294.0
97900.0 28590.0 23652.0
98000.0 28566.0 21640.0
98100.0 26317.0 19673.0
98200.0 28259.0 22990.0
98300.0 26383.0 20370.0
98400.0 28982.0 21684.0
98500.0 25908.0 20413.0
98600.0 26057.0 21308.0
98700.0 28213.0 20743.0
98800.0 26937.0 21146.0
98900.0 25745.0 20835.0
99000.0 27414.0 20656.0
99100.0 27441.0 21175.0
99200.0 30259.0 21934.0
99300.0 29058.0 20260.0
99400.0 25647.0 20212.0
99500.0 25634.0 21373.0
99600.0 26744.0 22762.0
99700.0 26819.0 20479.0
99800.0 28666.0 20638.0
99900.0 26775.0 20692.0
100000.0 29947.0 21230.0
