500.0 54.0 26.0
600.0 58.0 56.0
700.0 74.0 74.0
800.0 189.0 47.0
900.0 205.0 77.0
1000.0 246.0 63.0
1100.0 225.0 69.0
1200.0 221.0 350.0
1300.0 247.0 90.0
1400.0 243.0 88.0
1500.0 244.0 93.0
1600.0 200.0 106.0
1700.0 195.0 111.0
1800.0 298.0 131.0
1900.0 309.0 139.0
2000.0 311.0 195.0
2100.0 318.0 147.0
2200.0 391.0 154.0
2300.0 271.0 177.0
2400.0 385.0 166.0
2500.0 301.0 166.0
2600.0 498.0 195.0
2700.0 432.0 190.0
2800.0 325.0 187.0
2900.0 310.0 198.0
3000.0 335.0 203.0
3100.0 348.0 216.0
3200.0 353.0 262.0
3300.0 365.0 314.0
3400.0 423.0 244.0
3500.0 381.0 297.0
3600.0 419.0 262.0
3700.0 484.0 286.0
3800.0 493.0 353.0
3900.0 544.0 317.0
4000.0 453.0 294.0
4100.0 458.0 293.0
4200.0 512.0 311.0
4300.0 500.0 307.0
4400.0 497.0 338.0
4500.0 505.0 330.0
4600.0 562.0 402.0
4700.0 568.0 562.0
4800.0 521.0 358.0
4900.0 883.0 375.0
5000.0 559.0 468.0
5100.0 566.0 396.0
5200.0 613.0 385.0
5300.0 601.0 386.0
5400.0 615.0 408.0
5500.0 708.0 427.0
5600.0 686.0 447.0
5700.0 657.0 432.0
5800.0 648.0 443.0
5900.0 707.0 465.0
6000.0 699.0 462.0
6100.0 919.0 490.0
6200.0 727.0 457.0
6300.0 717.0 495.0
6400.0 724.0 544.0
6500.0 776.0 505.0
6600.0 824.0 549.0
6700.0 783.0 538.0
6800.0 811.0 523.0
6900.0 854.0 637.0
7000.0 825.0 555.0
7100.0 849.0 532.0
7200.0 848.0 542.0
7300.0 849.0 556.0
7400.0 887.0 554.0
7500.0 883.0 684.0
7600.0 917.0 589.0
7700.0 910.0 553.0
7800.0 921.0 646.0
7900.0 947.0 593.0
8000.0 971.0 595.0
8100.0 1077.0 612.0
8200.0 1075.0 656.0
8300.0 1065.0 644.0
8400.0 1039.0 660.0
8500.0 1052.0 665.0
8600.0 1033.0 718.0
8700.0 1013.0 757.0
8800.0 1116.0 703.0
8900.0 1052.0 869.0
9000.0 1066.0 706.0
9100.0 1716.0 737.0
9200.0 1417.0 729.0
9300.0 1364.0 862.0
9400.0 1208.0 877.0
9500.0 1242.0 858.0
9600.0 1108.0 745.0
9700.0 1139.0 815.0
9800.0 1171.0 889.0
9900.0 1185.0 856.0
10000.0 1161.0 804.0
10100.0 1217.0 819.0
10200.0 1249.0 866.0
10300.0 1213.0 814.0
10400.0 1255.0 812.0
10500.0 1262.0 897.0
10600.0 1654.0 1402.0
10700.0 1282.0 1102.0
10800.0 1341.0 921.0
10900.0 1307.0 921.0
11000.0 1389.0 925.0
11100.0 1312.0 900.0
11200.0 1340.0 1057.0
11300.0 1436.0 1002.0
11400.0 1453.0 981.0
11500.0 1397.0 944.0
11600.0 1401.0 1024.0
11700.0 1486.0 991.0
11800.0 1463.0 1057.0
11900.0 1472.0 968.0
12000.0 2432.0 1069.0
12100.0 1776.0 1038.0
12200.0 1821.0 1003.0
12300.0 2296.0 1029.0
12400.0 1604.0 1085.0
12500.0 1739.0 1009.0
12600.0 1535.0 1045.0
12700.0 1610.0 1162.0
12800.0 1832.0 1153.0
12900.0 1579.0 1069.0
13000.0 1696.0 1130.0
13100.0 1686.0 1076.0
13200.0 1628.0 1227.0
13300.0 1735.0 1090.0
13400.0 1926.0 1104.0
13500.0 1650.0 1107.0
13600.0 1743.0 1194.0
13700.0 1682.0 1225.0
13800.0 1677.0 1176.0
13900.0 1674.0 1429.0
14000.0 1889.0 1159.0
14100.0 1761.0 1212.0
14200.0 1841.0 1191.0
14300.0 1774.0 1208.0
14400.0 2157.0 1239.0
14500.0 1841.0 1471.0
14600.0 1822.0 1158.0
14700.0 1942.0 1195.0
14800.0 1959.0 1229.0
14900.0 1856.0 1205.0
15000.0 1999.0 2055.0
15100.0 1872.0 1272.0
15200.0 1900.0 1277.0
15300.0 3253.0 1247.0
15400.0 2144.0 1372.0
15500.0 1934.0 1285.0
15600.0 1970.0 1367.0
15700.0 1934.0 1240.0
15800.0 2188.0 1363.0
15900.0 2505.0 1476.0
16000.0 2114.0 1611.0
16100.0 1956.0 1324.0
16200.0 2352.0 1319.0
16300.0 2235.0 2020.0
16400.0 2049.0 2034.0
16500.0 2173.0 1662.0
16600.0 2067.0 1399.0
16700.0 2110.0 1449.0
16800.0 2094.0 1475.0
16900.0 2238.0 1463.0
17000.0 2267.0 1525.0
17100.0 2207.0 1480.0
17200.0 2216.0 1608.0
17300.0 2126.0 1525.0
17400.0 2231.0 1487.0
17500.0 2185.0 1850.0
17600.0 2230.0 1661.0
17700.0 3892.0 1795.0
17800.0 2194.0 1717.0
17900.0 2163.0 1635.0
18000.0 2333.0 1645.0
18100.0 2457.0 2670.0
18200.0 2317.0 1701.0
18300.0 2273.0 1687.0
18400.0 2316.0 1566.0
18500.0 3190.0 1606.0
18600.0 2884.0 1572.0
18700.0 2337.0 1702.0
18800.0 2377.0 1667.0
18900.0 2356.0 1612.0
19000.0 2419.0 1703.0
19100.0 2459.0 1881.0
19200.0 2494.0 1724.0
19300.0 2644.0 2104.0
19400.0 2463.0 2122.0
19500.0 2737.0 1698.0
19600.0 2675.0 1824.0
19700.0 2643.0 2076.0
19800.0 2600.0 1778.0
19900.0 2587.0 2033.0
20000.0 2528.0 1728.0
20100.0 2918.0 2281.0
20200.0 2529.0 1747.0
20300.0 2669.0 1718.0
20400.0 2577.0 1801.0
20500.0 3143.0 1907.0
20600.0 2577.0 1761.0
20700.0 2578.0 1842.0
20800.0 3284.0 1872.0
20900.0 2714.0 1765.0
21000.0 2612.0 1824.0
21100.0 2626.0 2014.0
21200.0 2662.0 1837.0
21300.0 2748.0 2015.0
21400.0 2810.0 1843.0
21500.0 2715.0 1966.0
21600.0 2857.0 1899.0
21700.0 2776.0 1887.0
21800.0 3326.0 1935.0
21900.0 2761.0 1961.0
22000.0 2815.0 2289.0
22100.0 2760.0 1901.0
22200.0 3048.0 2089.0
22300.0 2874.0 1989.0
22400.0 2806.0 1959.0
22500.0 2829.0 1985.0
22600.0 3071.0 2068.0
22700.0 2964.0 1971.0
22800.0 2887.0 2000.0
22900.0 3107.0 2664.0
23000.0 2917.0 2513.0
23100.0 4400.0 2158.0
23200.0 3489.0 2160.0
23300.0 3045.0 2201.0
23400.0 3244.0 2227.0
23500.0 4766.0 2138.0
23600.0 3199.0 2410.0
23700.0 3125.0 2094.0
23800.0 3216.0 2212.0
23900.0 3082.0 2090.0
24000.0 3139.0 2122.0
24100.0 3223.0 2322.0
24200.0 3146.0 2115.0
24300.0 3629.0 2429.0
24400.0 3144.0 2665.0
24500.0 3440.0 2598.0
24600.0 3235.0 2352.0
24700.0 3306.0 2235.0
24800.0 3295.0 2188.0
24900.0 3345.0 2433.0
25000.0 3974.0 2341.0
25100.0 3546.0 2267.0
25200.0 3240.0 2987.0
25300.0 3311.0 2249.0
25400.0 3320.0 2577.0
25500.0 3344.0 2347.0
25600.0 3300.0 2408.0
25700.0 3323.0 2262.0
25800.0 3295.0 2239.0
25900.0 3509.0 2311.0
26000.0 3363.0 2653.0
26100.0 3426.0 2452.0
26200.0 3363.0 3212.0
26300.0 3469.0 2536.0
26400.0 4475.0 2404.0
26500.0 3396.0 3625.0
26600.0 3467.0 2670.0
26700.0 3515.0 2398.0
26800.0 3533.0 2720.0
26900.0 4161.0 2349.0
27000.0 3581.0 2478.0
27100.0 3557.0 2393.0
27200.0 3583.0 2383.0
27300.0 3570.0 2474.0
27400.0 3627.0 2488.0
27500.0 4297.0 2417.0
27600.0 3559.0 2444.0
27700.0 3752.0 2836.0
27800.0 3621.0 2997.0
27900.0 3820.0 2742.0
28000.0 4429.0 2568.0
28100.0 3725.0 2638.0
28200.0 3681.0 2532.0
28300.0 4760.0 2564.0
28400.0 4366.0 4205.0
28500.0 3697.0 2966.0
28600.0 3797.0 2485.0
28700.0 3822.0 2563.0
28800.0 4153.0 2675.0
28900.0 3792.0 2591.0
29000.0 4172.0 2629.0
29100.0 4254.0 2755.0
29200.0 3812.0 2629.0
29300.0 3994.0 2543.0
29400.0 3866.0 2892.0
29500.0 3943.0 2605.0
29600.0 3900.0 2681.0
29700.0 3902.0 2703.0
29800.0 4132.0 2619.0
29900.0 4122.0 2685.0
30000.0 3931.0 2713.0
30100.0 3911.0 2776.0
30200.0 4461.0 2742.0
30300.0 4078.0 2657.0
30400.0 4065.0 2719.0
30500.0 4059.0 2829.0
30600.0 3961.0 2728.0
30700.0 3930.0 2675.0
30800.0 3880.0 2687.0
30900.0 4039.0 2635.0
31000.0 4077.0 2875.0
31100.0 4033.0 2802.0
31200.0 4142.0 2702.0
31300.0 4281.0 2714.0
31400.0 4123.0 2734.0
31500.0 4183.0 2750.0
31600.0 4448.0 2868.0
31700.0 4175.0 2937.0
31800.0 4313.0 2786.0
31900.0 4758.0 2805.0
32000.0 4142.0 2800.0
32100.0 4212.0 3332.0
32200.0 4716.0 3609.0
32300.0 4265.0 2931.0
32400.0 4311.0 2874.0
32500.0 4289.0 6645.0
32600.0 4308.0 2886.0
32700.0 4326.0 2909.0
32800.0 5135.0 2973.0
32900.0 4361.0 3029.0
33000.0 4359.0 3196.0
33100.0 5142.0 3042.0
33200.0 4714.0 2949.0
33300.0 4346.0 3346.0
33400.0 4366.0 2999.0
33500.0 4516.0 3062.0
33600.0 4779.0 3029.0
33700.0 4627.0 3403.0
33800.0 4546.0 3367.0
33900.0 4674.0 3304.0
34000.0 4465.0 3456.0
34100.0 4591.0 3099.0
34200.0 7744.0 3437.0
34300.0 4524.0 3192.0
34400.0 4510.0 3346.0
34500.0 4668.0 3263.0
34600.0 4530.0 3099.0
34700.0 4578.0 3301.0
34800.0 4521.0 4071.0
34900.0 4578.0 3138.0
35000.0 4859.0 3414.0
35100.0 5976.0 3681.0
35200.0 6426.0 3194.0
35300.0 6068.0 3514.0
35400.0 4653.0 3407.0
35500.0 4698.0 5320.0
35600.0 4701.0 3311.0
35700.0 6018.0 3528.0
35800.0 4731.0 4176.0
35900.0 4808.0 3307.0
36000.0 5181.0 3332.0
36100.0 4681.0 3395.0
36200.0 5136.0 3755.0
36300.0 8805.0 3328.0
36400.0 4684.0 3345.0
36500.0 4759.0 3502.0
36600.0 4860.0 3322.0
36700.0 5051.0 3468.0
36800.0 4774.0 3960.0
36900.0 4972.0 4793.0
37000.0 5015.0 3933.0
37100.0 4762.0 3452.0
37200.0 5078.0 3497.0
37300.0 4824.0 3487.0
37400.0 5308.0 3543.0
37500.0 4930.0 3405.0
37600.0 4972.0 3463.0
37700.0 4921.0 3608.0
37800.0 4957.0 3466.0
37900.0 4977.0 3578.0
38000.0 6324.0 3553.0
38100.0 4986.0 3619.0
38200.0 5415.0 3608.0
38300.0 5094.0 3609.0
38400.0 4960.0 3475.0
38500.0 4967.0 3591.0
38600.0 4998.0 3779.0
38700.0 5035.0 3841.0
38800.0 7786.0 3636.0
38900.0 5812.0 3630.0
39000.0 5288.0 3738.0
39100.0 5094.0 4496.0
39200.0 5127.0 3695.0
39300.0 5308.0 3622.0
39400.0 7112.0 3818.0
39500.0 5183.0 3628.0
39600.0 5223.0 3656.0
39700.0 5730.0 3698.0
39800.0 5452.0 3800.0
39900.0 5245.0 3896.0
40000.0 5159.0 3720.0
40100.0 5358.0 3856.0
40200.0 5206.0 3805.0
40300.0 5287.0 3746.0
40400.0 5318.0 3872.0
40500.0 6258.0 3929.0
40600.0 6568.0 3792.0
40700.0 5503.0 3794.0
40800.0 5696.0 3896.0
40900.0 5596.0 3693.0
41000.0 5581.0 3796.0
41100.0 5436.0 3785.0
41200.0 5740.0 3927.0
41300.0 5464.0 3769.0
41400.0 5471.0 3788.0
41500.0 5883.0 3920.0
41600.0 5508.0 3888.0
41700.0 5625.0 3971.0
41800.0 5599.0 3997.0
41900.0 6092.0 3911.0
42000.0 5511.0 3889.0
42100.0 6284.0 4780.0
42200.0 5608.0 4227.0
42300.0 5693.0 3976.0
42400.0 6273.0 3937.0
42500.0 5745.0 4379.0
42600.0 7454.0 4029.0
42700.0 6570.0 4080.0
42800.0 5605.0 4151.0
42900.0 5819.0 4037.0
43000.0 5731.0 4121.0
43100.0 5666.0 4146.0
43200.0 5645.0 5020.0
43300.0 5996.0 4562.0
43400.0 6422.0 4025.0
43500.0 7115.0 4189.0
43600.0 5762.0 4128.0
43700.0 5840.0 4206.0
43800.0 5889.0 4612.0
43900.0 6247.0 4104.0
44000.0 5841.0 4158.0
44100.0 6027.0 4168.0
44200.0 6012.0 4059.0
44300.0 6007.0 4125.0
44400.0 5911.0 4137.0
44500.0 5882.0 4296.0
44600.0 6071.0 4260.0
44700.0 7211.0 4372.0
44800.0 6036.0 4228.0
44900.0 6131.0 4433.0
45000.0 6034.0 4613.0
45100.0 5983.0 4173.0
45200.0 6080.0 4378.0
45300.0 6039.0 4314.0
45400.0 6052.0 4541.0
45500.0 6056.0 4292.0
45600.0 6158.0 4267.0
45700.0 6145.0 4338.0
45800.0 6042.0 4789.0
45900.0 6599.0 4327.0
46000.0 6069.0 4802.0
46100.0 5985.0 4263.0
46200.0 6467.0 4792.0
46300.0 6334.0 4333.0
46400.0 6189.0 4329.0
46500.0 6415.0 5510.0
46600.0 7490.0 4386.0
46700.0 6390.0 4547.0
46800.0 6606.0 4611.0
46900.0 6441.0 4387.0
47000.0 6503.0 4482.0
47100.0 7718.0 4743.0
47200.0 6417.0 4478.0
47300.0 7109.0 4489.0
47400.0 6354.0 4594.0
47500.0 6917.0 4537.0
47600.0 6444.0 5438.0
47700.0 6673.0 4559.0
47800.0 6486.0 4903.0
47900.0 6701.0 4704.0
48000.0 7002.0 4567.0
48100.0 6564.0 4688.0
48200.0 6476.0 4649.0
48300.0 6661.0 4562.0
48400.0 6622.0 4570.0
48500.0 7434.0 5070.0
48600.0 6584.0 4761.0
48700.0 6573.0 4756.0
48800.0 6699.0 4727.0
48900.0 6604.0 4726.0
49000.0 6880.0 4628.0
49100.0 6954.0 6268.0
49200.0 6712.0 4760.0
49300.0 6779.0 4744.0
49400.0 6729.0 5125.0
49500.0 6807.0 4686.0
49600.0 7250.0 4762.0
49700.0 6710.0 5613.0
49800.0 6788.0 4792.0
49900.0 6896.0 4850.0
50000.0 7024.0 4774.0
50100.0 6825.0 6091.0
50200.0 7158.0 4849.0
50300.0 7522.0 5043.0
50400.0 7413.0 4911.0
50500.0 6942.0 4696.0
50600.0 6786.0 4959.0
50700.0 7376.0 4769.0
50800.0 6679.0 5015.0
50900.0 6892.0 5009.0
51000.0 8361.0 4823.0
51100.0 6692.0 4868.0
51200.0 7897.0 4726.0
51300.0 6747.0 5195.0
51400.0 6818.0 5053.0
51500.0 6800.0 5096.0
51600.0 6888.0 4840.0
51700.0 7020.0 4993.0
51800.0 6950.0 5080.0
51900.0 6929.0 5328.0
52000.0 7283.0 5034.0
52100.0 7022.0 5192.0
52200.0 7316.0 5147.0
52300.0 7079.0 5157.0
52400.0 7394.0 6382.0
52500.0 7083.0 5300.0
52600.0 9478.0 4991.0
52700.0 8349.0 5154.0
52800.0 7570.0 5143.0
52900.0 8071.0 5440.0
53000.0 8605.0 5247.0
53100.0 7160.0 5043.0
53200.0 7408.0 5319.0
53300.0 7235.0 5421.0
53400.0 7377.0 5622.0
53500.0 8035.0 5426.0
53600.0 8657.0 5428.0
53700.0 8325.0 5110.0
53800.0 8162.0 5611.0
53900.0 8734.0 5510.0
54000.0 7899.0 5494.0
54100.0 7210.0 5305.0
54200.0 7377.0 5394.0
54300.0 8888.0 5346.0
54400.0 8537.0 5144.0
54500.0 7513.0 5557.0
54600.0 7620.0 5242.0
54700.0 7476.0 5730.0
54800.0 7469.0 5737.0
54900.0 8180.0 5480.0
55000.0 7362.0 5243.0
55100.0 7678.0 5385.0
55200.0 8154.0 5213.0
55300.0 7552.0 5399.0
55400.0 7442.0 5682.0
55500.0 7873.0 5739.0
55600.0 8010.0 5288.0
55700.0 7441.0 5761.0
55800.0 7437.0 5239.0
55900.0 7896.0 5433.0
56000.0 7561.0 5504.0
56100.0 7515.0 5390.0
56200.0 8022.0 5615.0
56300.0 9488.0 5563.0
56400.0 7524.0 5776.0
56500.0 7630.0 5376.0
56600.0 7658.0 5338.0
56700.0 7743.0 5608.0
56800.0 7854.0 6748.0
56900.0 8163.0 5531.0
57000.0 7683.0 5535.0
57100.0 7641.0 5418.0
57200.0 8501.0 5435.0
57300.0 7869.0 5753.0
57400.0 7712.0 5725.0
57500.0 7950.0 5420.0
57600.0 7717.0 5465.0
57700.0 7865.0 5446.0
57800.0 7877.0 5538.0
57900.0 8171.0 5757.0
58000.0 7854.0 5457.0
58100.0 9095.0 5539.0
58200.0 8115.0 5670.0
58300.0 9521.0 5696.0
58400.0 7875.0 5827.0
58500.0 8463.0 6115.0
58600.0 8444.0 5523.0
58700.0 8828.0 5695.0
58800.0 8313.0 8236.0
58900.0 7952.0 6451.0
59000.0 7975.0 5634.0
59100.0 8092.0 5759.0
59200.0 8316.0 5721.0
59300.0 8408.0 5588.0
59400.0 9281.0 5549.0
59500.0 7986.0 5567.0
59600.0 8586.0 5724.0
59700.0 8220.0 5793.0
59800.0 8378.0 5775.0
59900.0 8558.0 6681.0
60000.0 8607.0 5836.0
60100.0 8213.0 5737.0
60200.0 9251.0 5666.0
60300.0 8149.0 6036.0
60400.0 8136.0 5945.0
60500.0 8057.0 5679.0
60600.0 8093.0 5682.0
60700.0 8281.0 5697.0
60800.0 8187.0 5665.0
60900.0 8293.0 7497.0
61000.0 8292.0 5923.0
61100.0 8284.0 6057.0
61200.0 9592.0 5854.0
61300.0 8255.0 5642.0
61400.0 8259.0 5557.0
61500.0 8305.0 5658.0
61600.0 11420.0 6088.0
61700.0 8334.0 5836.0
61800.0 8404.0 6078.0
61900.0 8843.0 5760.0
62000.0 8491.0 5753.0
62100.0 8508.0 6375.0
62200.0 8439.0 5776.0
62300.0 8435.0 5765.0
62400.0 8464.0 6076.0
62500.0 8431.0 5870.0
62600.0 10748.0 6067.0
62700.0 8461.0 6080.0
62800.0 8821.0 6037.0
62900.0 11290.0 8662.0
63000.0 9361.0 5971.0
63100.0 8785.0 6062.0
63200.0 8754.0 6332.0
63300.0 8774.0 6177.0
63400.0 8709.0 6176.0
63500.0 8782.0 6199.0
63600.0 8856.0 6683.0
63700.0 8687.0 5871.0
63800.0 8891.0 6268.0
63900.0 9004.0 6290.0
64000.0 9220.0 5990.0
64100.0 8995.0 6198.0
64200.0 9349.0 6500.0
64300.0 9409.0 6256.0
64400.0 9529.0 6324.0
64500.0 9300.0 6117.0
64600.0 9087.0 6340.0
64700.0 9033.0 7142.0
64800.0 8873.0 6283.0
64900.0 9279.0 6237.0
65000.0 8951.0 6241.0
65100.0 9043.0 6738.0
65200.0 8927.0 7325.0
65300.0 9174.0 6443.0
65400.0 8923.0 7128.0
65500.0 9556.0 6294.0
65600.0 9518.0 6324.0
65700.0 9387.0 6193.0
65800.0 9097.0 6698.0
65900.0 9360.0 6260.0
66000.0 9682.0 6277.0
66100.0 11367.0 6346.0
66200.0 9360.0 6289.0
66300.0 9687.0 6533.0
66400.0 9070.0 6285.0
66500.0 9158.0 6265.0
66600.0 9110.0 8086.0
66700.0 9335.0 6995.0
66800.0 9132.0 6352.0
66900.0 9027.0 6311.0
67000.0 9217.0 6924.0
67100.0 9668.0 6553.0
67200.0 9493.0 6512.0
67300.0 9271.0 6439.0
67400.0 9535.0 6731.0
67500.0 9200.0 6853.0
67600.0 9404.0 6540.0
67700.0 10937.0 7277.0
67800.0 12009.0 6678.0
67900.0 9574.0 6532.0
68000.0 10005.0 6732.0
68100.0 9650.0 6904.0
68200.0 11177.0 6537.0
68300.0 9429.0 6750.0
68400.0 9383.0 7929.0
68500.0 9432.0 7331.0
68600.0 9575.0 6922.0
68700.0 9648.0 6673.0
68800.0 9388.0 6752.0
68900.0 9867.0 8106.0
69000.0 9383.0 6544.0
69100.0 9536.0 7272.0
69200.0 9397.0 7140.0
69300.0 9507.0 6773.0
69400.0 9290.0 7141.0
69500.0 9320.0 6713.0
69600.0 9365.0 6728.0
69700.0 9756.0 7022.0
69800.0 10128.0 6674.0
69900.0 9680.0 6900.0
70000.0 9507.0 7253.0
70100.0 9464.0 7224.0
70200.0 9422.0 6897.0
70300.0 11318.0 7245.0
70400.0 10063.0 6765.0
70500.0 9963.0 6825.0
70600.0 10350.0 7089.0
70700.0 9725.0 7084.0
70800.0 9842.0 7455.0
70900.0 10032.0 6790.0
71000.0 9478.0 7389.0
71100.0 9972.0 6911.0
71200.0 12931.0 7026.0
71300.0 9624.0 7690.0
71400.0 9796.0 6982.0
71500.0 10835.0 7528.0
71600.0 9651.0 6896.0
71700.0 9574.0 6892.0
71800.0 10038.0 7479.0
71900.0 9902.0 7769.0
72000.0 9729.0 7429.0
72100.0 9850.0 7044.0
72200.0 11772.0 7311.0
72300.0 10053.0 7541.0
72400.0 9673.0 7543.0
72500.0 10547.0 7002.0
72600.0 9993.0 7116.0
72700.0 11770.0 7378.0
72800.0 10219.0 7147.0
72900.0 9766.0 7317.0
73000.0 9745.0 7722.0
73100.0 10715.0 7625.0
73200.0 11202.0 7036.0
73300.0 10441.0 7339.0
73400.0 9918.0 8639.0
73500.0 9982.0 7141.0
73600.0 10244.0 7291.0
73700.0 10040.0 7317.0
73800.0 10553.0 7681.0
73900.0 10487.0 7638.0
74000.0 10157.0 7129.0
74100.0 10159.0 7902.0
74200.0 9988.0 7180.0
74300.0 10221.0 7282.0
74400.0 10129.0 7499.0
74500.0 11235.0 7179.0
74600.0 10165.0 7565.0
74700.0 10571.0 7801.0
74800.0 10596.0 7634.0
74900.0 10183.0 8028.0
75000.0 10976.0 7493.0
75100.0 10591.0 7644.0
75200.0 10648.0 7350.0
75300.0 10843.0 7507.0
75400.0 10353.0 7346.0
75500.0 10921.0 7579.0
75600.0 10178.0 7609.0
75700.0 10305.0 7361.0
75800.0 10226.0 8194.0
75900.0 10435.0 8109.0
76000.0 10777.0 7376.0
76100.0 10769.0 7824.0
76200.0 10404.0 7458.0
76300.0 10296.0 7516.0
76400.0 10715.0 7759.0
76500.0 10433.0 10027.0
76600.0 10875.0 7986.0
76700.0 10389.0 7759.0
76800.0 10426.0 7379.0
76900.0 11734.0 9399.0
77000.0 10568.0 7457.0
77100.0 10396.0 7542.0
77200.0 11736.0 7661.0
77300.0 10901.0 7636.0
77400.0 11174.0 7741.0
77500.0 10865.0 7917.0
77600.0 10850.0 7728.0
77700.0 10480.0 8205.0
77800.0 10510.0 7569.0
77900.0 10851.0 7507.0
78000.0 10804.0 11146.0
78100.0 11296.0 7648.0
78200.0 10562.0 8049.0
78300.0 11847.0 7847.0
78400.0 10786.0 7871.0
78500.0 10712.0 8103.0
78600.0 10794.0 7870.0
78700.0 10759.0 7760.0
78800.0 10635.0 8584.0
78900.0 10781.0 8214.0
79000.0 11874.0 8192.0
79100.0 10985.0 7870.0
79200.0 10969.0 7860.0
79300.0 11295.0 8441.0
79400.0 10975.0 7987.0
79500.0 10968.0 9844.0
79600.0 13003.0 8019.0
79700.0 10833.0 7717.0
79800.0 10956.0 7844.0
79900.0 11042.0 8416.0
80000.0 10858.0 7979.0
80100.0 11520.0 7871.0
80200.0 11160.0 7933.0
80300.0 14314.0 8797.0
80400.0 10913.0 7970.0
80500.0 11016.0 8622.0
80600.0 11031.0 8164.0
80700.0 11320.0 7877.0
80800.0 11519.0 9044.0
80900.0 13928.0 7960.0
81000.0 11020.0 7896.0
81100.0 11147.0 7925.0
81200.0 11200.0 8240.0
81300.0 11202.0 8613.0
81400.0 12998.0 8244.0
81500.0 11641.0 8255.0
81600.0 11536.0 7853.0
81700.0 11619.0 7942.0
81800.0 11640.0 8000.0
81900.0 11567.0 7957.0
82000.0 11199.0 8141.0
82100.0 11375.0 8238.0
82200.0 11509.0 8010.0
82300.0 11542.0 8211.0
82400.0 12767.0 9649.0
82500.0 11565.0 8079.0
82600.0 11538.0 7963.0
82700.0 11683.0 8341.0
82800.0 11283.0 8105.0
82900.0 11635.0 8167.0
83000.0 11283.0 8038.0
83100.0 12327.0 8428.0
83200.0 11478.0 8076.0
83300.0 11457.0 8098.0
83400.0 14235.0 8080.0
83500.0 11666.0 8553.0
83600.0 11699.0 8275.0
83700.0 12016.0 8297.0
83800.0 12998.0 8946.0
83900.0 11942.0 8188.0
84000.0 11547.0 8130.0
84100.0 11588.0 8481.0
84200.0 13551.0 9033.0
84300.0 12222.0 8343.0
84400.0 13044.0 8309.0
84500.0 11822.0 8501.0
84600.0 15039.0 9064.0
84700.0 17509.0 8836.0
84800.0 11750.0 8226.0
84900.0 12180.0 8456.0
85000.0 11720.0 8561.0
85100.0 11986.0 8715.0
85200.0 11966.0 9507.0
85300.0 13113.0 8541.0
85400.0 15104.0 9287.0
85500.0 11967.0 8658.0
85600.0 11916.0 8503.0
85700.0 11781.0 8784.0
85800.0 14415.0 8576.0
85900.0 12191.0 8639.0
86000.0 11944.0 8606.0
86100.0 12199.0 9036.0
86200.0 13765.0 8998.0
86300.0 12684.0 8709.0
86400.0 12331.0 8884.0
86500.0 12132.0 8515.0
86600.0 14448.0 8778.0
86700.0 12178.0 8767.0
86800.0 12125.0 8774.0
86900.0 12607.0 8535.0
87000.0 12574.0 8477.0
87100.0 14283.0 8932.0
87200.0 13846.0 8598.0
87300.0 12095.0 8867.0
87400.0 12279.0 8619.0
87500.0 12500.0 8715.0
87600.0 12190.0 8717.0
87700.0 12098.0 8701.0
87800.0 12129.0 8679.0
87900.0 13751.0 9198.0
88000.0 13923.0 8709.0
88100.0 12161.0 8714.0
88200.0 13832.0 8663.0
88300.0 12313.0 9161.0
88400.0 12269.0 8602.0
88500.0 12230.0 10807.0
88600.0 12185.0 8806.0
88700.0 12432.0 8991.0
88800.0 12243.0 9128.0
88900.0 15424.0 8781.0
89000.0 12751.0 9010.0
89100.0 15042.0 9511.0
89200.0 12862.0 10488.0
89300.0 12539.0 9241.0
89400.0 12840.0 8950.0
89500.0 15727.0 9011.0
89600.0 13416.0 9023.0
89700.0 15957.0 8841.0
89800.0 12664.0 9167.0
89900.0 13251.0 9007.0
90000.0 12786.0 9397.0
90100.0 13248.0 9046.0
90200.0 12833.0 9210.0
90300.0 12780.0 8924.0
90400.0 13006.0 9013.0
90500.0 13099.0 10206.0
90600.0 13672.0 8919.0
90700.0 13248.0 9478.0
90800.0 12643.0 9281.0
90900.0 13004.0 8954.0
91000.0 13215.0 9002.0
91100.0 12821.0 9986.0
91200.0 13228.0 8972.0
91300.0 12756.0 9296.0
91400.0 12666.0 8921.0
91500.0 12756.0 9101.0
91600.0 13359.0 9798.0
91700.0 12917.0 9740.0
91800.0 12802.0 9602.0
91900.0 13161.0 9077.0
92000.0 12877.0 9218.0
92100.0 12933.0 9053.0
92200.0 12775.0 9657.0
92300.0 13554.0 9392.0
92400.0 12966.0 9432.0
92500.0 13625.0 9774.0
92600.0 17231.0 9392.0
92700.0 14213.0 9712.0
92800.0 12957.0 9695.0
92900.0 14880.0 9170.0
93000.0 13140.0 11708.0
93100.0 13184.0 9452.0
93200.0 14381.0 10404.0
93300.0 13318.0 9365.0
93400.0 13213.0 9141.0
93500.0 13223.0 9293.0
93600.0 15753.0 9427.0
93700.0 15137.0 9240.0
93800.0 13758.0 9578.0
93900.0 13260.0 9491.0
94000.0 13385.0 9717.0
94100.0 13350.0 9371.0
94200.0 14365.0 9452.0
94300.0 18231.0 9462.0
94400.0 13169.0 9697.0
94500.0 13763.0 9471.0
94600.0 13518.0 9551.0
94700.0 14172.0 9722.0
94800.0 13787.0 9737.0
94900.0 15142.0 9674.0
95000.0 13563.0 9582.0
95100.0 13509.0 9514.0
95200.0 17763.0 9613.0
95300.0 13690.0 9496.0
95400.0 13584.0 9474.0
95500.0 13606.0 10216.0
95600.0 13843.0 10009.0
95700.0 16156.0 9973.0
95800.0 14137.0 10252.0
95900.0 14068.0 9807.0
96000.0 16971.0 9489.0
96100.0 15465.0 9735.0
96200.0 15136.0 11000.0
96300.0 13513.0 9669.0
96400.0 14522.0 9861.0
96500.0 13837.0 9733.0
96600.0 14163.0 10094.0
96700.0 12986.0 9693.0
96800.0 21279.0 9612.0
96900.0 13885.0 10336.0
97000.0 15393.0 9711.0
97100.0 14936.0 9797.0
97200.0 13795.0 9762.0
97300.0 14078.0 9976.0
97400.0 13894.0 11417.0
97500.0 14513.0 10157.0
97600.0 13679.0 10083.0
97700.0 14099.0 10074.0
97800.0 14427.0 10267.0
97900.0 14154.0 10131.0
98000.0 13956.0 9928.0
98100.0 14047.0 9983.0
98200.0 14083.0 10607.0
98300.0 16365.0 10181.0
98400.0 15234.0 10445.0
98500.0 13967.0 10622.0
98600.0 17847.0 12756.0
98700.0 14251.0 10011.0
98800.0 14132.0 10168.0
98900.0 17437.0 9810.0
99000.0 14096.0 10640.0
99100.0 17643.0 10288.0
99200.0 14674.0 9890.0
99300.0 14438.0 9934.0
99400.0 14294.0 10565.0
99500.0 14287.0 10471.0
99600.0 14362.0 10360.0
99700.0 14071.0 10618.0
99800.0 14155.0 10440.0
99900.0 17772.0 10062.0
100000.0 14935.0 11815.0
